32295683: 78 5 15 920 344 6 647 4 9 26 155 337 441
329918505849: 749 12 8 9 4 2 261 4 5 23 926
244984437837: 29 80 79 465 17 37 801
125166229928: 54 8 52 799 619 9 3 769 3 96 8
394259030396: 16 880 598 70 9 53 123 34 54 10 8 28
531293341503: 82 648 325 22 504 699 12 748 21 300 849 47
4694573362: 441 3 710 40 740 9 735 85 667 582
443874272495: 6 2 191 26 62 6 64 9 9 9 378 602 941
4275633478: 5 422 259 4 289 5 6 302 8 450
428839662163: 4 6 883 36 914 216 3
120344424957: 87 904 7 65 59 52 89 57
714675968053: 443 36 7 48 733 5 97 5 18 403
12227817924: 81 499 49 63 22 90 67 7 96 4 43 2 7
53486622724: 54 68 9 978 779 69 6 998 40
1609862118: 568 2 51 289 576 7 384 786 4 2 48 514 20
33170469860: 6 540 62 4 5 810 211 48 383 925 19 8 55
1122847560: 76 30 8 54 820 27 476 3 81
81852390350: 9 81 6 260 409 4 106 65 590
46761518209: 773 7 765 55 36 3 479 20 7 2
13496612623: 858 26 45 605 37 4
77939176896: 181 49 4 322 6 4 3 46 5 493 2 609 3
50755880763: 7 869 7 993 74 63 52 3
632926515272: 9 7 161 50 71 7 3 634 5 4 8 52 72
60852503: 7 688 350 9 91 6 6 9 88 4 4 42 3
681351296415: 9 88 7 2 351 29 6 41 5
3123059614: 6 2 896 38 245 26 4 630 38 720 53 3 302
27646944448: 471 298 8 4 763 703 77 7 8 5 23 926 9
38361510595: 5 6 347 66 99 68 6 35 2 7 5
370550440183: 368 2 539 6 5 39 46 456 8 3
22006143580: 6 875 61 7 317 350 3 28 49
129835522988: 956 51 885 177 17 22 7 78 452 889
474031958405: 441 5 697 117 8 330 5
821337842: 9 11 48 4 969 38 325 8 34 5 420 4 6
995989800960: 652 8 6 6 557 3 11 110 912 623 5
59850557952: 3 6 2 51 17 205 3 759 629 459 18 987 34
649990719470: 649 990 719 470
58570561020: 8 962 9 41 6 99 5 72 788 17 60
40543488088: 32 28 5 149 82 138 9 32 86
1213522089: 53 69 4 2 8 2 9 364 19 4 4 177 97
921129374843: 905 2 3 156 14 6 9 200 167 2 5 843
176180249128: 92 89 9 631 641 46 947 43 86
734818742: 694 9 22 459 2 9 46 854 877 6 4 2 84
174356526347: 607 315 821 42 84 7 536 8 710 5 93 978 347
159760141142: 12 86 7 607 3 6 6 4 141 14 2
216073486502: 14 800 55 3 87 146
234494410505: 9 8 2 94 60 196 9 540 67 251 648
101016: 2 74 6 6 191 6 5 8 9 84 5 49 8
132737021615: 4 947 18 6 9 8 4 339 638 7 4
112686612920: 9 3 8 85 3 4 686 612 87 5 8 47
56007936624: 34 4 9 64 5 7 48 6 555 39 8 2
7574618643: 698 170 2 43 78 56 2 9 95 24 68 175
2430166859: 3 897 96 23 409 4 4 6 93
79196478420: 99 798 663 297 84 3 3 7 64 6
748525133: 6 46 5 496 7 59 8 671 6 7 36 59 369
3571275401: 4 56 61 81 504 85 9 5 84 41 973 20 181
38681044645: 8 338 5 2 50 797 43 74 9 979 73 94 89
1008332594: 3 33 659 7 9 287 44 85 62 5 99 18 2
482040030: 2 94 61 860 37 9 27 6 9 6 515 6 5
31290738646: 219 26 87 38 8 2 38 9 5 95 2 3 62
513608465689: 5 13 459 93 56 463 2 7 86 3
69182428649: 9 8 5 9 696 20 8 649
11257644781: 133 986 5 72 644 781
3171782019: 3 52 3 73 43 26 7 961 8 13 41 420 3
97861987239: 97 857 5 987 239
58447676394: 495 70 314 7 997 669 29 98 9 815 3 205 89
4685853: 294 78 7 5 564 3 7 2 846 6 9 5 3
172333267202: 5 44 922 230 27 82 2 5 9 5 108 2
686079719192: 3 702 5 4 11 3 185 81 16 6 693 19 2
582332717079: 5 812 3 8 3 27 170 79
895845978553: 2 581 68 78 8 63 36 347
10105348774: 160 86 170 2 24 52 45 2 5 89
10261693036: 778 365 5 475 86 17 945 62 61
7483965626: 7 51 76 8 68 53 9 95 89 50 76
2935501843: 184 982 8 811 11 45 8 804 221 3 998 87 54
4232452579: 5 382 965 24 7 847 11 27 98 2 91 6 8
124930848957: 300 220 5 452 6 4 9 57
21880517150: 325 2 43 199 9 8 41 77 59 58 9 54 2
410730236: 5 751 78 597 182 8 916 10 42 4 84 7 101
12948544: 8 681 8 15 38 135 9 324 16 54 7 8 35
627107660: 20 2 11 56 3 5 6 87 33 33 26 20 53
2738890574: 7 7 21 9 64 58 8 147 684 820 9 5 7
295846190593: 296 83 7 14 902 2 993 3 92 471 2 95
20399305416: 29 13 7 4 68 7 9 56 46 2 36 8 7
2546980868: 7 17 600 343 52 2 68
17755846273: 24 317 73 3 162 225 53 504 2 115 180 930 6
809292450: 2 619 172 52 178 4 3 9 63 142 914 19 30
12015905: 2 6 30 445 25 79 5 3 64 168 161 95 165
24232961041: 7 340 8 82 9 51 61 86 56 7 3 3 8
364250664969: 908 56 7 20 27 24 82 9
164739380664: 304 507 25 432 22 53 7 13 664
117904546620: 8 5 77 58 792 421 3 87 210 669
249065159: 7 4 2 8 84 114 6 5 58 18 411 772 976
9075697: 2 5 897 3 7 12 2 3 4 10 3 456 94
7463874074: 746 37 6 5 6 40 74
1902271758: 76 250 22 717 58
264058474897: 2 640 50 8 4 113 632 3 9 7
853086795689: 324 26 669 76 5 98 28 479 779 689
89804929447: 88 988 805 61 8 73 55 967 23 5 9 447
470535200928: 9 5 13 21 879 58 219 3 7 64 702
25935459186: 46 218 508 3 68 13 6 5 8 6 413
598282997312: 3 3 772 84 3 987 31 79 53 56 3 956 616
104887712: 9 23 4 2 85 267 36 35 4 6 4 9 4
11261376: 8 33 32 646 4 5 473 53 989 10 6 3 7
70862748: 119 88 4 984 3 723 3 2 7 8 8 54 6
51019113600: 420 206 65 112 81
221579618469: 8 992 37 8 272 8 788 939 46 45 140 4 69
7383569676: 5 9 49 4 647 3 185 7 584 6 53 967 6
74833556515: 6 6 70 8 805 353 2 612 9 20 272 85 9
2322224298: 773 3 10 68 47 66 3
20430947968: 7 3 96 523 3 4 641 72 7 7 23 39 8
2027015376: 8 616 9 41 99 717 5 87 9 6 7 332 3
600310272: 815 127 12 2 81 114 656 48 9 939 91 96 8
53586381403: 53 427 93 3 3 60 3 809 4 4 42 3
949760: 7 3 14 68 2 7 42 27 5 5 98 799 80
1974396: 3 7 39 36 744 8 3 5 29 3 63 747 75
29926909528: 8 87 11 5 61 24 70 903 8 534 90 220 84
110742397440: 75 6 12 49 16 29 3 4 40 488
41247301707: 20 21 197 49 52 5 718 57 950 399 59 299
44549376025: 71 86 192 4 50 95 3 5 8 8 4
79680733419: 274 14 508 515 292 25 98 741 2 9
9979177479: 68 503 47 396 3 313 51
168625043224: 3 90 8 3 509 502 99 696 7 83 81 379 22
10292664309: 2 3 79 85 34 669 56 7 5 309
2145228608: 717 7 9 485 213 239 96 9 511 7 519 19 898
285243354302: 5 905 65 69 7 459 289 13
2796765886: 4 139 602 5 6 6 72 8 2 25 949 522 28
25790602250: 8 81 9 4 44 92 4 5 242 354 914 233 10
483026597001: 84 999 445 9 343 51 974 585 3
271190612356: 237 475 22 4 99 2 883 33 5 3 9 247
34484673844: 18 5 47 897 428 57 8 2 4 5 223 12 5
3473225502: 372 6 8 34 31 465 23 2 8 6 60 396
139003301698: 12 32 33 4 322 6 830 98 2 882 63 356 698
38263368916: 5 377 2 4 16 3 6 8 585 94 95 921
974639043282: 17 9 6 13 638 528 603 7 83 14 9 8 6
548459331: 6 59 44 419 5 10 2 65 473 309 618 33 257
169447147434: 604 3 30 369 32 514 279
45125808128: 450 387 89 9 20 65 941 21 68 32 178
2983114: 7 3 562 2 3 2 4 186 7 6 139 763 44
76207705544: 69 38 678 4 766 4 554 4
41067331305: 78 333 67 32 460 670 5
68139792573: 2 508 171 3 374 6 599 257 3
93327693362: 7 716 377 4 4 6 61 42 17 7 7 7 8
55274: 85 43 13 6 7 431 4 593 914 87 562 69 2
85927006620: 9 7 933 3 4 85 95 983 68 6 6 26
1072045635076: 4 335 5 60 43 8 15 84 26 26
40771410187: 4 9 569 7 944 68 310 93 30 8 7
49572432700: 7 59 889 81 35 234 918 132 55 80 2 6 79
33569891: 99 834 5 6 8 58 40 896 175 7 82 3 88
12283564977: 88 64 4 5 280 66 780 647 2 126 960 29 177
16941128915: 169 411 28 915
7659932695: 76 59 9 32 6 95
609153771960: 843 5 2 10 5 3 92 8 161 106 38 79 36
6146566020: 99 365 54 9 50 305 55 7
952075755677: 29 91 2 8 66 61 15 2 55 29 38 7
149377213383: 2 307 566 638 52 36 53 85 3
24013318050: 82 60 170 11 5 5 95 522 5
815871727064: 116 571 82 226 63 4 901 6 4 6 9 551 9
10337153: 7 843 490 845 9 417 858 7 889 3 14 473 684
12218751659: 6 3 34 673 6 65 380 873 31 93 2 923 9
1615968900: 553 9 2 224 42 9 29 92 124 6 88 8 70
4178356896: 5 2 711 936 5 371 9 47 381
46595213988: 5 93 91 65 52 7 4 9 3 140 988
196509164371: 7 28 491 31 486 3 970 6 320 43 71
21257712939: 8 80 3 870 3 6 638 31 8 42 2 24 75
11204409675: 3 540 75 781 7 8 512 8 75
30319650: 4 520 892 2 9 5 88 91 56 73 68 2 37
2109127412: 3 90 34 253 40 97 941 528 9 3 43 4 82
889342475481: 52 54 840 24 75 47 2 3 6
8479706449: 41 162 375 153 29 2 58 8 4 4 3 3 3
277164849654: 43 913 983 9 799
8726034517: 3 309 80 3 127 52 25 727 662 95 713 59 8
792336567412: 3 4 5 32 483 15 4 50 100 705 232 665 12
226011074621: 269 9 784 4 735 9 8 706 621
81855876: 5 62 55 80 8 796 8 724 2 8 56 3 2
941482407423: 61 6 813 36 126 498 6 384 117 7 365 20 83
664634623968: 29 929 397 8 9 429 864
52100024772: 5 16 4 202 798 247 58 7 7
2296028: 3 295 23 78 4 2 4 69 4 981 7 7 7
13479235028: 95 7 35 434 22 86 481 724 98 649 387
509551062315: 509 55 10 613 77 922 7 9
171419280424: 2 786 476 5 901 168 783 6 97 4 48
4779333: 5 113 67 76 881 7 337 694 589 45 4 5 9
286362433: 51 4 7 197 7 2 82 8 9 6 7 4 3
1297054: 22 4 48 22 18 9 58 580 31 46 99 7 2
99533373493: 994 572 762 6 5 72 777 3
12397728: 554 8 859 7 29 5 702 91 5 43 38 182 76
11651988753: 9 22 47 315 5 3 854 399 423 4 3 753
15481306320: 640 61 3 9 13 4 8 190 8 983
29454131: 9 4 630 933 5 695 5 754 567 60 7 229 7
343792378557: 2 88 885 7 37 321 458 56 43 119 76 24 57
8754267376: 7 359 18 270 21 610 937 85 343 7 5 3 7
9319039: 56 96 4 7 8 4 801 5 163 999 9 8 416
9134450872: 913 366 5 68 8 52 885 37 950
358757993638: 640 2 790 487 700 33 26 310 471 4 7 969 38
83918471368: 276 65 906 57 217 366 3 974 5 3 5 6 8
21520511187: 2 3 14 785 5 711 26 25 187
538242074880: 8 859 3 42 189 506 966 9 52 88 12
1018389501937: 610 662 91 4 3 68 416 345 8 6 8 8 9
39203766384: 979 8 2 794 147 59 2 4 8 8
774290997: 650 3 67 7 796 7 362 80 10 6 95 295 7
673414374180: 5 9 481 14 37 24 8 9 75 5
635432911764: 2 3 581 5 769 818 2 907 75 28
51543010281: 8 12 8 242 3 4 65 52 70 81
931446614807: 5 150 172 7 4 10 7 722 614 298 744 5 58
122943381567: 898 331 432 94 2 84 7 5 81 15 88 96 88
96585403837: 96 7 69 78 46 365 9 51 504 861 546 4 13
323688164283: 6 8 6 362 50 95 98 99 3 960 3 27 83
13686100869: 643 698 11 70 718 983 969 9 8 83 182 43 69
32074772261: 22 31 5 5 958 4 931 394 26 741 48 50 2
14051911130: 70 9 690 6 190 992 7 5 153 91 9 851 31
76028300565: 322 54 371 203 3 431 4 972 31 8 461 8 65
5300253724: 3 812 423 58 65 451 3
8258173653: 804 4 8 8 764 2 7 5 60 7 24 45 24
139928212881: 422 9 724 6 692 24 3 3 9
35063041: 53 9 9 786 88 88 8 5 5 7 55 89 2
20751532515: 83 8 422 55 5 4 43 6 87 4 968 865 21
518401425291: 960 9 20 4 73 772 318 921 82 4 3
12258007612: 52 889 334 4 4 59 6 23 8 91 57 742 870
470636236: 93 72 532 8 13 202 764 4 2 2 43 619 13
40858778254: 54 66 4 6 3 3 17 3 7 778 254
72387473134: 698 860 74 257 521 349 53 346 4 7 3 9 6
844087735920: 8 107 146 91 3 4 548 5 851 69
657791125339: 396 436 6 467 2 907 29 5 79
2689523202: 13 655 29 405 3 7 9 91 64 6 2 83 6
982549668250: 4 3 3 871 38 548 67 2 995 747 495 8
13214422: 2 78 538 2 688 9 8 9 302 93 9 5 3
88409488032: 9 106 6 972 473 223 92
43485927129: 67 93 90 5 22 757 4 8 159 64 4 277
5587610549: 6 29 42 3 2 878 832 49 5
27632650: 707 758 17 24 9 70 856 445 986 25 3 4 85
38976828044: 487 3 4 69 79 9 25 67 5 4 9 23 77
1788717576: 969 25 793 676 624 4 9 404 9 45 8 589 34
3318237568: 98 873 48 63 8 85 5 110 31 4 6 340 282
3823634722: 6 6 789 72 79 5 5 71 2 899 9 3 235
588959286814: 79 113 19 4 407 95 5 17 865 880 39 82
22806168: 3 976 24 440 8 134 261 44 2 3 7 82 7
111958917131: 823 51 7 658 2 5 7 29 902 9 801 2
405647931153: 3 24 9 800 67 63 15 9 54 583 3
126889134648: 629 80 463 4 9 45 5 76 5 92 8 5 8
602962383103: 76 922 5 793 5 8 8 646 5 85 8 103
120580079452: 799 12 728 8 456 786 38 2 9 2 115 2
238204731964: 50 143 7 78 464 22 3 3 48 84 9 877 4
8148451119: 6 8 9 4 45 2 527 3 8 909 3 411 708
269813633950: 66 778 605 4 20 265 6 339 50
5617554: 76 27 3 91 35 592 383 86 56 34 66 9 6
19574626976: 13 6 5 9 9 895 80 626 74 6 230
29964581986: 845 89 55 509 19 6 29 2 24 4 145 93 2
27602398480: 12 230 23 978 60 620
203265187060: 20 326 4 17 7 82 47 633 590 91 58 6 5
23807749464: 9 44 4 52 976 975 5 547 70 569 9 4
7618365624: 8 33 32 6 7 2 58 4 11 50 414 51 160
211505310: 25 4 88 33 3 6 9 4 7 40 891 6 73
15190098688: 20 49 156 986 88
49927252: 11 967 94 85 975 9 99 4 2 2 5 9 557
409572768857: 50 317 38 319 571 4 7 42 21 272 60 88 57
55688587920: 7 3 877 6 294 7 516
535335174244: 799 67 5 174 24 4
12867120000: 74 56 8 27 575 5 5
4730132369: 7 508 630 7 5 67 4 9 61 6 96 144 9
475592948064: 2 7 3 887 9 2 73 51 8 338 18
230800973623: 52 2 4 655 5 57 863 756 3 757 8 860
71321: 6 3 9 567 7 25 63 5 53 9 74 76 33
43152366614: 4 74 9 45 7 90 6 2 4 614
61549200855: 8 5 558 22 41 8 181 19 855
982326223116: 54 304 9 5 3 72 5 9 3 9 4 171
235576582371: 235 535 41 582 371
318063048750: 39 407 935 8 5 876 4 203 4 76 9
1012097746782: 123 9 24 551 3 715 986 2 8 426
6227586912: 62 2 75 73 6 7 9 12
113837105348: 344 4 98 249 171 3 85 5 315 16 12 5
11579075892: 4 54 70 62 3 56 4 80 995 79 9 9
15998263470: 3 5 41 27 3 78 489 896 9 84 9 772 70
115462611033: 5 9 27 61 3 33 6 6 2 112 620 495 618
3394559711: 36 5 93 59 365 67 272 7
1929386188: 28 78 80 9 747 2 64 517 462 88 4
53250318803: 34 6 94 7 589 258 6 24 467
11305547643: 609 6 2 7 6 41 20 9 62 369 55 47 643
12745997126: 829 872 2 30 608 4 604 31 7
24235201368: 85 8 83 9 9 31 285 571 399 6 21 307
216296716727: 32 18 925 613 88 138 3 58 3 96 59
3395063672: 436 43 184 47 27 44 161
665057466594: 21 548 4 4 279 461 227 752 7 991 3
198220292298: 32 10 722 38 796 458 24 509 7 47 3 56 546
361212526080: 997 24 104 6 3 4 9 896
100718808379: 9 91 71 871 9 25 8 47 22 6 5 904 9
2217225663: 2 2 522 4 20 5 5 4 2 71 73 9 51
209426670820: 5 6 93 244 9 39 43 232 77 34 5 5
13544376596: 3 9 94 50 99 84 15 594 40 3 596
1373330592: 4 819 31 186 4 248 28 5 3 7 47 6 9
10681152922: 177 5 93 752 602 5 62 3 75 7 192 6 922
48041566560: 9 179 78 540 2 354
515579418958: 5 683 4 11 941 8 95 8
17557002432: 969 5 581 786 8 2 29 36 44 7 5 61 48
60179112: 97 609 874 8 3 90 489 4 41 21 6 3 12
3432399111: 47 9 162 840 71 60 12 8 5 5 6
240850066007: 7 2 845 243 83 279 689 97 6 493 65 347
41440328086: 53 64 88 467 7 7 322 4 4 40 18 730 898
1380300776: 474 67 9 7 723 36 7 587 58 8 9 11 776
47779718133: 3 5 12 77 10 71 81 24 2 7
81891723296: 4 57 52 4 345 919 8 65 2 17 9 8 899
344572866684: 25 773 530 81 5 5 89 80 42 4 54 9
6010592050: 73 662 8 77 2 85 5 5 40 635 6 60 19
914228688818: 88 3 115 306 7 11 68 8 810 8
215541105616: 93 627 165 76 2 2 2 422 513 746 4 2
104602688798: 34 195 5 9 103 4 517 76 3 6 892 793 5
78367992295: 12 653 74 88 435 70 295
1040013: 5 5 3 8 77 8 281 89 535 8 270 46 6
369447628993: 3 8 25 848 95 88 88 2 8 993
62137630837: 517 2 18 8 40 795 76 2 684 399 7
743459765: 8 48 3 297 474 5 5 2 7 50 24 872 93
4504859799: 317 670 15 41 2 5 2 707 27
18067: 4 3 42 5 4 55 85 919 56 6 8 8 451
130971253764: 90 8 153 67 46 673 667 23 70 72 78
42349232434: 48 2 6 873 660 35 285 7 3 436
28779582572: 568 403 13 3 839 49 985 45 769 493
29537572969: 927 3 5 318 668 4 662 8 899 8 8 33
546681360: 5 8 8 37 95 9 9 69 60 6 428 8 44
960512669100: 43 74 331 7 244 667 45 2 8 4 34 30
2168580: 453 9 992 15 8 193 87 887 46 25 6 8 94
36819: 4 89 867 201 78 591 90 568 288 500 9 4 5
2728381776: 55 8 57 404 88 5 6 3 7 390 899 228 48
126044480268: 27 4 8 534 852 15 855 10 83 219
16649022: 8 34 3 2 69 64 3 7 38 866 4 139 29
209259201640: 464 4 430 194 31 35 843 10 7 2 791 761 2
55756479770: 118 5 25 54 54 22 4 95 722 70 430 425 45
77368318902: 63 96 35 24 29 7 53 379 7 627 6
104560: 4 909 786 53 11 24 17 91 632 5 34 48 40
132590552: 7 68 6 95 2 92 3 22 414 389 7 387 95
877618621081: 872 19 542 860 63 95 53 5 8 6 8 9
142919686: 327 5 6 7 46 27 5 889 9 5 54 7 39
93768238314: 5 5 434 4 9 90 7 3 47 3 97 9 9
589005185: 34 4 2 941 6 624 6 67 12 4 40 6 5
6874396989: 8 659 7 25 16 6 891 698 50 9 67 59 230
8801941177: 8 74 8 45 8 941 177
444943377: 93 142 276 2 48 50 647 8 14 84 9 46 3
862341150: 60 654 2 9 45 91 619 4 64 9 716 62 170
370103851563: 54 59 5 9 976 6 9 3 26 505 2 3 3
167490061580: 227 52 208 3 62 7 8 73 6 11 5 23 27
728250354: 890 6 7 59 986 554 5 940 32 9 282 3 6
504653674452: 62 975 467 61 32 5 2 157 4 57 34 76
147204832528: 8 466 142 32 716 60 178 9 26
56177448329: 56 5 826 8 69 574 59 4 87 601 544 9
33794800680: 53 273 7 5 3 31 91 459 3 4 60 6 95
432620746681: 43 2 7 20 746 593 88
2307068740: 365 103 63 678 55 3 7 84 819 18 104 84 4
62830720607: 71 943 46 561 177 41 80 94 31 8 88
630563243400: 6 84 8 82 9 53 6 180 59 3
586619424838: 6 75 2 208 353 76 705 32 6 6 8 48
4814632: 778 7 59 7 123 104 67 97 69 5 9 249 8
30285824279: 75 706 37 765 97 4 228 279
171501440355: 4 282 6 256 71 175 32 4 16 4 355
1850396335: 3 6 36 3 6 26 853 7 54 4 953 403 73
231082020000: 128 64 3 96 7 53 125 68 78 6
6167103552: 866 38 519 9 62 630 6 212 441 8 584 47
67203433757: 62 4 228 42 933 43 37 57
3823682689: 49 85 107 793 67 3 708 417 8 84 3 3 2
373055886684: 41 317 459 3 9 519 9 504 9 14 761 9 54
1308406914: 67 701 232 9 9 214
1586992731: 250 5 81 31 39 8 9 422 7 2 727 4
542492150864: 85 29 50 373 615 2 66 3 35 9 19 206 6
575445847: 9 389 864 562 423 240 26 63 2 92 670 584 7
3516644197: 11 5 3 6 66 441 97
43192489606: 70 6 9 8 61 66 85 8 474 920 2 679
7316019926: 213 511 7 49 6 51 468 926
27699542874: 909 590 9 74 35 87 4 20
82373638768: 326 39 10 841 3 64 20 114 5 8 768
18851246336: 38 237 274 41 9 25 23 678 92
102236042160: 879 6 61 4 257 8 35 4 567 2 2
8662334895: 4 8 26 57 9 7 751 6 108 9 78 8 400
991190534045: 389 958 40 718 463 3 8 677
922326539982: 970 8 7 95 3 52 45 5 5 107 220
914958579145: 13 37 52 59 5 179 67 2 2 87 5 25 45
1047418161600: 73 9 800 53 3 33 10 5 49 56 470 2 8
108964964598: 279 68 7 864 86 6 73 761 13 6 48
7684918953: 204 815 220 754 10 5 3
202479609600: 2 6 718 4 9 26 738 11 8 3 60 94 60
75435793942: 7 7 785 8 8 2 9 3 953 48 579 85 487
53987762882: 4 2 566 278 53 4 2 903 94
116319: 2 6 69 3 3 105 922 3 6 60 7 29 3
87897: 61 3 8 243 9 9 9 6 8 336 49 3 97
90030282065: 457 370 29 4 9 510 951 621 349 68 8 9 459
168435373493: 495 3 34 33 37 349 3
253665222204: 2 3 89 592 2 85 2 6 52 18 4 204
341917721282: 3 4 308 8 712 465 19 94 73 61 2
41812192120: 35 8 2 774 84 510 325 26 11 9 233 766 3
265435985175: 94 984 916 53 19 72 3 68 9 24 933 283
75194640: 6 3 7 78 9 2 147 5 948 22 2 578 2
753615156889: 360 179 7 5 2 24 6 684 184 66 793
187685760348: 4 2 66 96 7 768 3 8 45 9 431 13 9
8568714154: 972 588 4 8 32 33 24 45 233 861 680 7 22
99709858945: 9 10 9 192 47 470 8 58 940 5
777335259: 73 353 9 53 9 76 271 2 5 930 3 635 9
40718310462: 12 28 688 30 30 98 9 57 2
78352858655: 53 4 713 5 140 279 6 57 24 4 92 63
24697373832: 16 624 53 31 362 147 380 7 2 4 2 612
44393783238: 29 8 799 90 887 3 19 3 34 54 6 7 751
361692424182: 7 843 7 113 954 45 56 87
4611879257: 9 6 472 557 926 57 9 257
9614663246: 93 49 6 198 6 8 2 474 63 246
2518072769: 420 81 8 3 74 4 25 7 5 734
2466830681: 18 3 2 80 76 83 999 8 9 10 8 81
1177832748: 9 76 82 5 7 52 91 34 53 641 78 3 8
16616792643: 8 64 96 7 40 49 24 81 83
38215694523: 26 8 4 2 15 694 403 4 116
44213869197: 818 54 41 8 6 919 7
22262130990: 6 162 416 5 5 4 5 2 9 6 89 66 45
335424853: 9 7 7 3 32 569 92 461 15 3 382 999 47
12172216914: 40 5 4 169 6 89 3 570 6 429
500017941376: 439 4 29 30 7 6 877 22 156 17 9 317 770
372660091345: 6 4 9 64 55 9 8 9 4 55 823 92 208
10774887600: 85 960 520 5 8 41 47 15 6 118 8 25 400
31447558: 628 48 4 376 25 54 6 6 5 37 5 502 4
552175511: 97 72 2 74 355 5 3 5 6 68 73 4 3
664003143525: 66 39 27 72 66 347 5 4 47 23 2 9 25
116836609355: 7 8 53 141 3 2 846 4 7 22 58 4 3
21392002919: 6 4 848 55 130 88 852 189 52 67
226926430452: 226 8 424 32 710 98 30 450 2
45136409: 4 766 5 136 47 7 4 6 21 5 99 8 321
82249790868: 2 97 2 63 78 9 6 9 5 42 3 713 63
13302207056: 54 5 4 304 4 5 34 7 483 800 326 2 2
86727000545: 89 106 912 59 32 67 315 44 37
98666134654: 493 3 13 17 673 20 5 4
238314974040: 616 732 500 5 39 270 143
442432955579: 4 85 89 822 7 3 840 789 842 51 207 889 7
54413856: 8 9 4 2 6 7 358 8 38 4 590 126 8
8405252958: 87 8 5 97 630 2 133 17 7 2 2 958
340937624: 13 3 2 3 4 4 33 47 54 95 2 281 92
270234317: 26 672 257 2 2 913 9 145 145 7 6 6 8
110269600: 6 3 38 4 6 2 726 8 347 9 855 567 7
1125377: 3 6 269 7 956 7 28 4 88 729 29 16 119
22525121868: 99 76 95 73 5 530 93 5 653 2 18 6 8
812733960277: 81 232 41 395 994 2 32 7
65007186: 4 55 5 140 598 7 8 6 3 3 3 703 47
492717079680: 7 84 624 493 9 3 2 65 19 9 20 3 896
76663472568: 8 21 604 2 39 65 7 664
300571185021: 927 356 4 564 95 152 77 13 813 5 6 46 5
99161778192: 5 56 93 37 4 4 2 28 8 550 774 68 6
790182311624: 953 519 247 18 2 8 6 7 539 26 757
135518763807: 35 25 2 6 2 7 55 361 37 62 453
34781564160: 119 3 20 4 48 98 3 23 3 5
34999434: 314 72 129 6 998 5 4 8 20 74 5 11 2
50544444465: 42 8 5 255 189 4 4 5 65
46468391952: 222 231 9 40 8 98 29 184 9 391 7 91 161
392046065096: 626 9 81 91 174 98 837 6 987 617 7 56
21797783155: 769 6 8 18 22 740 29 95
205322823660: 99 79 865 5 4 5 607 983 54 3 33 55 10
22455950: 9 3 569 6 3 174 22 6 2 8 802 286 78
580655456: 61 604 6 2 30 90 83 65 7 382 7 24 8
382581218719: 757 6 8 5 68 12 187 19
14977325125: 91 92 93 68 76 88 37
622148813440: 78 7 251 598 125 80 9 38 7 921 8 112 7
192076920006: 941 6 225 14 720 15 6
15835907772: 5 74 2 3 79 956 6 434 92 5 508 801
1994059: 3 228 28 4 20 60 5 7 654 133 3 58 311
52334425113: 22 64 478 8 7 9 90 8 851 4 175 3
442845496278: 2 251 196 4 4 8 2 780 470 523 6 4 9
14212397019: 947 493 15 9 7 7 3 346
744889424978: 2 497 503 29 284 5 7 64 55 99 490 459 9
93477950213: 49 885 740 8 30 246 18 84 41 338 771 4 14
60806820: 5 116 11 468 706 4 87 76 3 594 12 30 974
134081730432: 119 5 9 961 66 302 4 9 12 4 908 6
67646368385: 67 6 463 68 385
5991078912: 75 69 390 3 739 364 4
682068064442: 990 155 203 92 238 743 99
442319113743: 2 68 82 46 494 59 885 9 3 636
901514775792: 77 220 9 390 913 7 916 3 394
541556932326: 6 9 774 7 902 583 436 649 24 88 2 2 98
1016107276: 336 255 930 24 27 67 25 953 7 67 304 2 8
803201052864: 6 259 4 822 2 7 287 95 31 21 7 4 4
3806734183: 7 162 9 2 41 39 3 211 223 37
150678678240: 618 63 43 37 8 53 9 4 40 82 11 7
39212597415: 48 409 215 902 497 81 7 5
2444167040: 69 4 5 47 5 6 20 89 7 30 5 40 8
424168076406: 890 54 9 944 203 8 206 7 257 5 64
317441222226: 317 4 412 222 2 6
250802643426: 5 9 6 522 137 594 3 6 597 20 70 377 426
66760482631: 86 265 354 26 22 5 16 5 91 7 5 6 331
187379: 3 4 8 6 6 9 2 3 43 56 40 109 8
858289332920: 8 58 20 8 890 43 2 9 20
17277622983: 48 48 876 2 41 170 49 84 93 22 9 8 3
1767357792: 6 398 926 6 4 97 9 450 9 606 88 95 54
30227407451: 41 32 354 52 72 8 63 697 2 479
270186405089: 8 615 852 947 10 79 32 508 69 6 3 30 9
930824295757: 64 959 25 822 717 3 442 744 827 738 403
756671685733: 83 885 22 40 764 541 67 573 3
6343122586: 87 4 74 2 131 507 92 6 2 2 974 5 76
46740982: 8 3 204 8 2 8 66 8 99 9 84 55 43
24477829: 5 3 40 40 45 28 39 7 6 5 4 71 858
8717948636: 85 2 109 7 48 5 35 923 90 636
19412233528: 67 6 2 59 224 6 785 45 4 75 191 8
34667917440: 6 97 55 877 99 7 587 179 51 25 736 6 195
82992038112: 2 3 706 5 8 57 87 75 79 68 48
286413020366: 51 6 864 9 51 874 409 83 775 80 49 349 46
467705142933: 4 931 40 72 5 66 88 28 57 77
12601025453: 12 444 92 25 4 94 281 3 209 540 8 4 42
342660590395: 43 38 7 793 85 14 260 825 84 2 3 2 419
849034055849: 85 903 32 43 812 476 5 138 54 109 67
4356391480: 781 7 389 8 2 2 7 39 19 75 9 593 5
962273156777: 83 8 978 19 2 3 33 9 229 341 77
830957180213: 510 56 922 3 66 289 57 45 6 7 347 674 4
14349975329: 33 10 2 76 4 86 860 5 10 165 857 7 3
159937137069: 683 8 49 92 77 24 6 31 717 821 934 48 93
29487160487: 2 901 47 6 6 23 518 20 218 269
225305109957: 500 67 8 5 9 99 33 24
125199627125: 44 543 4 31 561 889 871 7 6 8 8 49 5
5398617053: 5 398 24 5 371 5 35 518
566225963466: 7 4 31 79 802 3 7 3 3 8 78 614 4
133570836031: 784 19 15 36 5 871 532 3 99 351 9 25 6
115167407: 80 5 5 647 90 42 8 2 9 3 944 343 56
37078495407: 7 3 87 24 8 770 2 3 549
34603021635: 8 46 89 5 29 59 211 64 97 5 49 5 73
213991880070: 151 953 6 570 497 9 43 7 90 6 95
143024923444: 544 739 36 23 310 3 26 48 8 52
128672103352: 913 33 12 8 407 34 4
38037888965: 53 96 76 288 356 7 9 65
917121867408: 4 4 59 73 673 866 83 5 16 4 839
135779551214: 68 67 77 94 49 94 6 2 214
74654668734: 4 22 60 531 678 2 832 84 566 6
40138248: 86 7 46 5 3 79 5 651 58 8 78 902 48
646760848858: 88 68 371 3 7 10 84 8 135 723
245647634688: 4 4 2 42 592 6 55 24 177 96
72057285296: 3 5 854 78 74 941 8 975 782 296
25090236921: 2 937 92 49 72 3 94 5 50 97 2 42 921
956977660282: 735 63 731 84 9 6 8 9 76 38 99 652 9
11054989520: 90 24 73 491 4 789 442 6 5 3 20
442608179: 58 2 834 39 89 53 95 824 86 3 504 2 586
258735580000: 48 721 9 54 56 8 13 5 8 34 566
22026881609: 5 166 14 113 6 427 3 9 68 81 15 9 450
1865652505: 96 27 32 21 7 591 4 91 24 8 60 6 979
5809781857: 304 6 68 344 187 557 965 8
660934: 8 58 4 39 139 7 405 4 19 224 23 791 477
350418600696: 32 688 835 612 330 182 315 25 8 3 58 4
436958: 63 5 77 7 4 80 284 9 92 69 7 224 3
143249732326: 86 8 191 368 42 37 470 729 72 260 6
23211467166: 14 26 72 3 3 95 40 8 44 642 67 715 40
27836222628: 17 433 84 27 105 8 6 2 439
337801280: 4 8 37 21 8 32 4 437 3 3 679 80 58
54652410: 15 29 33 313 904 50 6 20 648 2 147 6 7
1270607310: 6 84 61 574 30 19 2 173 4 2 502 19 18
219629419380: 63 906 93 4 882 960 886 5 9 31 7 3 2
3969408856: 69 34 9 233 98 97 371 8 375 6 191 80 452
533263574284: 76 18 7 35 74 284
3286490153: 11 80 112 7 16 748 40 94 310 54 9 674 15
1847055045: 5 47 6 176 67 46 5 72 82 407 6 90 705
375424668710: 408 4 497 5 52 523 17 7 403 92
439937676958: 30 75 334 894 43 676 9 58
212400881215: 2 345 444 39 6 28 204 424 708 97 5
12917804582: 8 91 70 64 25 9 4 809 2
925293921280: 537 52 669 930 582 6 760 76 6 5 640 8
5298739362: 311 5 90 89 4 400 95 70 189
3365110: 3 9 382 3 14 20 43 904 2 16 775 57 3
282761747412: 3 324 60 40 6 511 50 951 2 795 86 5 47
191869601440: 865 134 320 781 55 4 6 5 32
680945124: 692 90 87 5 513 3 813 8 261 2 273 3 81
239438878842: 4 742 2 79 7 34 508 2 3 5 792 766 570
599893907490: 333 18 9 43 52 41 180 9 10
153830067610: 9 9 6 3 759 231 59 7 576 2 323 531 2
345827984: 3 24 5 600 9 7 136 12 5 4 35 8 216
20149772844: 402 8 5 7 3 914 28 44
36354741225: 20 756 760 15 8 8 7 399 636 320 3 59 3
2835714318: 2 217 5 634 6 498 7 64 66 5 74 315 3
493164: 6 7 5 402 17 2 4 397 694 27 57 9 133
2376006554: 369 37 56 25 92 41 990 69 7 7 82
81474677782: 604 8 201 66 9 31 91 9 946 7 68 9 82
989: 43 16 5 101 17 5 229 7 5 483 71 2 5
3998292: 68 8 639 547 6 78 5 356 634 5 5 764 3
2945166367: 2 73 644 44 658 6 3 88 746 942 71 63 31
93473671104: 14 114 396 95 2 5 3 34 744 3 22 8 64
7198827998: 71 774 80 4 688 660 799 8
1036867272896: 892 3 96 4 7 79 4 78 56 481 4
3339187514: 3 680 16 742 5 4 89 699 8 40 4 4
60954923000: 128 35 7 683 50 5 67 34 57 7 89 5 5
9484708233: 7 27 2 933 972 3 86 75 5 244 15 609 609
2866223021: 2 8 236 69 6 5 8 54 249 55 8 92 9
27307575450: 64 21 78 731 395 9 626
5205774010: 472 47 66 307 650 74 12 9 55 973 39 63
200749785600: 928 283 336 35 65
16980665116: 31 566 665 116
850624: 5 5 26 2 73 2 2 477 241 9 8 9 8
388747502000: 39 843 45 35 652 403
701600275584: 460 359 3 9 37 14 9 6 33 2 2 299 96
160014088769: 827 3 907 78 85 71 227 4 9
69457042688: 3 8 28 7 127 7 4 767 9 29 789 62 4
2351816806: 9 83 91 588 900 2 689 7 96 4 580 163 2
4092673923: 7 3 30 926 7 382 6 82 15
352057767604: 83 976 59 940 77 3 30 4
71410196103: 4 70 965 196 103
390824870: 86 34 3 75 648 2 6 19 9 3 86 75 9
4508972101: 450 897 21 93 8
134050592534: 33 512 648 4 444 27 63
134789832966: 92 139 2 59 4 8 241 142 25 82 66
104641259655: 14 55 566 188 539 4 2 932 61 31 97 9 51
142911727213: 52 68 915 231 312 9 519 4 2 720 5 8
173873217408: 277 44 638 2 967 615 47 6 584 4
402840370752: 53 7 654 7 3 972 6 550 29 7 60 71 192
22473177316: 8 32 33 9 54 836 3 27 7 21 74 23 165
83389028837: 52 14 53 91 9 4 6 74 47 41 5
375302399340: 657 4 484 9 760 6 4 831 380 771
45311272704: 3 59 6 134 47 43 526 96
7409067192: 9 2 5 78 684 398 9 49 4 3 4 6 3
52355772180: 8 715 6 9 14 42 39 6 34 3 338 206 975
41863827538: 43 732 84 19 56 7 8 5 327 4 53 83 96
341346017250: 21 19 362 2 677 52 7 60 3 707 27 6 6
9220955824: 60 48 52 79 7 82 345 2 54 64
66213907821: 65 469 41 86 616 61
953906300: 758 8 364 616 204 9 2 17 3 14 32 41 5
292544563200: 51 470 2 56 52 20 2 558 790 4 800 640 30
271889781504: 18 113 76 877 3 12 73 535 6 23 88 4
705417095430: 8 134 508 9 58 382 9 55 251 8 23 7
25865390849: 71 4 6 38 96 68 7 94 772 133 389
62772029934: 34 8 6 566 3 42 33 2 809
56980768368: 116 4 511 77 97 37 964 9 6 6 8 2 8
3053335156: 7 3 3 514 5 51 845 135 388 7 97 818 7
8567448983: 93 121 2 9 92 465 36 83
107090236323: 3 321 24 3 54 166 3 81 671 50 36 244 79
216590751825: 5 9 419 181 455 49 65 5
292563457440: 41 2 339 94 6 598 8 41 29 33 73 2 642
284212945823: 22 36 7 14 8 637 6 22 837 41 22 54 3
43648462386: 78 273 85 483 81 2 70 8 368 708 9 84 2
38858400: 15 72 5 401 52 4 51 2 5 5 8 6 63
2539912814: 791 7 2 511 6 915 433 88 668 995 26 881 564
61927721856: 8 405 3 54 459 7 22 39
1063999263: 6 72 99 3 239 87 6 24 9 6 9 853 251
53120909745: 81 395 46 5 4 82 415 674 945 879 61 8 887
23532204207: 9 10 605 5 63 4 9 343 34 86
7399566201: 107 24 69 617 3 7 21
29047862696: 34 20 928 7 8 589 5 58 2 527 3 496 41
413417772512: 974 3 58 856 9 3 4 94 231 2 947 6
98031857107: 126 36 16 91 93 2 860 54 39 318 2 65
99421667487: 9 936 7 166 74 87
242736286343: 13 275 11 72 653 473 11 6 11 533 4 883 136
56262742875: 41 26 313 3 3 4 5 93 43 521 75 941 75
529083247967: 927 415 8 988 2 87 58 229
820867755680: 7 92 5 75 558 7 5 3 199 6 4 956 415
672488989088: 4 914 812 5 6 10 38 64 147 8 671 172 8
88589992221: 216 41 6 7 13 83 316 21 52 69
4882196225: 5 162 9 434 67 20 6
74950159432: 38 6 3 4 40 3 7 46 466 97
5874227226: 47 34 171 7 37 83
147022536015: 5 67 647 34 17 265 10 89 5 33 3 3 5
170301105520: 9 3 2 607 2 52 206 65 497 4 38
639288943263: 46 307 749 6 74 9 33 326 7 98 30
14345300169: 5 2 7 7 2 944 8 3 3 3 2 923 941
22684399752: 25 542 62 80 68 656 3 4 49 4 32 3 56
619692807559: 61 10 67 2 280 736 3 196
309603815307: 308 71 88 5 8 778 32 5 307
453087841717: 648 41 6 5 52 327 5 64 112 854 5 17
25542490182: 723 62 34 6 673 79 7 4 3 9
742967428: 19 84 6 32 290 90 956 732 8 42 194 82 114
123957039209: 34 73 7 9 92 3 701 2 920 7 2
16625273256: 72 8 3 633 4 109 568 83 40 441 375
161434917744: 2 76 9 82 875 581 73 7 8
444773499281: 3 37 6 91 7 93 7 719 15 99 281
2606689: 47 83 6 12 7 894 6 726 92 88 365 41 3
6170164649: 9 8 4 292 60 775 8 4 64 9
250191647146: 481 5 5 411 64 7 15 8 49 309 43 639 10
1040576329534: 59 94 5 68 3 568 8 305 4 20 45 8 76
200956901589: 3 666 856 3 922 94 89
163761451488: 65 8 6 55 5 2 80 323 168 283 488
280273162300: 3 38 12 23 80 702 87 96 65 597 300
6063296150: 864 9 7 89 961 50
4749816: 5 894 829 43 9 4 44 8 115 2 7 87 6
14181429456: 684 801 36 719
123699557833: 81 4 225 636 846 2 912 685 42 8 7 9 7
314918647009: 97 6 2 46 30 7 8 7 94 9 61
124320528672: 57 8 59 31 3 3 72 2 771 5 953 4
9014600: 95 95 6 3 5 35 373 985 9 46 15 2 437
27708535279: 23 30 38 94 4 55 979 7 8 50 9 89 6
46913104207: 22 8 12 16 38 4 195 4 207
448627441: 34 6 4 5 3 171 82 9 268 7 90 438 3
154605918854: 67 58 7 293 61 785 318 75 31 925 64 99 2
204481: 2 7 81 32 9 7 89 16 89 487 262 5 6
5583869877: 559 3 869 866 4 4 3
7335101793: 799 7 91 59 3 439 271 522
200314: 84 6 9 45 5 99 58 4 2 10 709 358 5
7255192884: 42 8 672 8 7 70 3 810 3 2 2 51 2
27186936: 770 13 66 31 8 2 835 20 567 2 7 964 41
19154503995: 4 49 9 27 3 4 3 273 873 2 98 657 3
520536665901: 465 6 469 3 552 5 82 83 24 4 7 77 547
1379010: 35 59 76 68 9 9 82 69 54 795 6 75 12
45602428573: 324 2 86 235 3 6 402 6 252 24 2 8 573
55693093278: 39 366 3 323 32 438
747193740888: 7 4 7 193 740 8 88
137320323893: 204 345 72 672 4 8 6
98024293284: 9 801 939 490 290 6 378
42256101294: 56 577 971 54 9 687 7 33 6 952 5 17
60751240: 35 94 93 910 156 758 410 8 2 630 883 14 3
295579021593: 29 5 40 17 37 4 49 13 8 52 5 68
961397592564: 934 6 267 97 585 64 736 56 4
682616658685: 7 93 2 57 3 902 438 83 27 46 3
10395725124: 5 23 49 91 79 7 4 9 935 5 9 211 8
93962556957: 183 237 3 218 75 958 22 3 30 56 53 4 94
24602578: 9 14 8 204 75 7 3 2 2 7 8 4 75
14963378496: 43 812 9 7 248 2 3 82 4 28 4 8
607002830760: 60 69 95 3 3 30 5 87 10 9 498 3 760
10376667000: 6 847 711 99 22 16 630 6 75
24924738906: 81 7 6 7 78 275 6 20 13 9 2 243 993
10485268327: 99 6 52 52 42 27 327
1009540247445: 9 53 10 46 540 24 7 396 49
877105388424: 692 245 10 603 23 24 3 374 3
53703474762: 74 3 883 7 99 78 534 22 96 687 254 7
22960255524: 92 9 75 5 91 39 125 57 24
107095197432: 7 352 898 45 684 4 6 692
1307814985: 3 26 6 87 8 78 104 45 85
720070067: 7 322 34 9 899 2 2 40 97 5 8 6 803
7427952336: 7 426 46 78 5 180 527 336
211645421710: 54 9 12 56 8 7 286 215 73 9 326
446265652193: 23 15 969 5 9 46 979 65 88 259 2 58 95
41962994: 361 89 7 404 2 3 209 8 56 57 59 39 86
695773458923: 2 295 50 5 99 28 49 7 949 34 581 89 734
669081969380: 50 19 27 219 6 465 242 56 7 993 293
3822421648: 297 4 537 39 66 31 50 2 421 648
205401: 2 687 6 6 491 8 838 3 56 8 14 5 786
11099151938: 736 5 845 4 65 27 833 78 78 797
19649328287: 19 6 49 3 282 87
936758704271: 5 931 758 696 8 219 48 5
1771637558: 678 8 56 6 2 9 8 971 872 4 27 686 12
2277087126: 84 2 369 933 60 270 2 951 4 7 8 6
575400932650: 998 358 9 64 8 438 54 977 42 60 127 358
18787396713: 18 787 396 582 6 27 98
38750921: 22 18 2 5 70 91 758 23 8 2 710 448 93
1891207: 12 3 11 93 13 34 3 44 27 3 836 3 4
596590585556: 6 590 590 284 257 44 556
170777: 2 2 726 93 833 7 584 447 6 8 29 7 709
47763126540: 890 2 865 47 4 489 8 171 3 2 2 839 4
133035794: 2 46 17 43 8 785 6 5 6 16 579 63 59
6911656068: 9 7 31 14 32 13 9 4 801 7 2 73 8
470520487: 3 54 477 2 2 21 2 58 761 53 88 132 3
235525873534: 235 52 5 8 735 34
192830880913: 66 8 177 38 2 38 6 72 702 910 694 186 913
955826670: 9 802 9 62 11 261 8 4 671 4 8 9 6
233748440161: 233 5 73 43 48 3 832 9 385 4 4 8 61
1275797348: 50 4 5 8 19 467 4 8
818427423993: 818 37 5 7 40 61 178 8 9 5
66393494793: 98 2 17 901 82 6 44 6 29 32 9 947 93
34309263528: 15 999 2 51 483 656 350 683 86 464 59 5
228159360000: 808 4 850 52 64 55 75 2 5
76171590252: 24 55 94 417 3 618 15 66 248 4
7092235184: 5 49 697 540 8 68 722 19 549 57 513 398 38
3942195654: 38 7 65 95 70 6 6 7 98 74 6 944 252
848587682088: 56 68 572 20 93 525 128 6 2 11 806 72
6518890360: 59 2 3 595 890 330 25 6
785203376650: 559 541 9 747 79 6 32 550 7
312365644: 562 6 18 17 2 23 5 85 3 264 23 27 2
8037892: 590 5 43 479 7 92 61 7 7 72 9 63 100
88309538067: 5 7 81 8 642 860 7 9 74 3
464476085206: 9 30 2 55 9 60 5 14 92 682 8 367 2
8990460: 52 836 92 9 88 5 6 77 2 3 9 87 750
8369399521: 83 66 74 145 91 17 3 6 83 29 4 4 521
277578177770: 46 23 87 2 893 48 69 6 99 92 9 828 9
520029532707: 242 389 8 860 176 8 3 23 70 7 67 919 858
7913634260: 7 948 97 4 8 424 632 884 99 752
539939614537: 52 4 7 7 82 39 568 46 53 7
217262375190: 21 8 353 40 70 3 42 995 9 898 8
562820583072: 73 360 4 234 16 246 93 80 724 4
450708937869: 166 7 214 36 667 507 21
249325989314: 296 6 3 86 22 3 2 77 86 26 81 608
123913285167: 49 74 24 4 7 54 2 32 847 9 3 372 2
220990671: 278 918 124 3 3 8 19 553 63 55 6 6 5
242103866859: 6 890 5 591 8 3 2 5 762 39
897540075: 4 29 3 77 3 182 39 85 2 9 75 90 5
554612953604: 31 82 183 7 7 91 7 645 3 236 68 2 299
149145402: 87 77 4 9 2 5 7 682 468 4 9 8 402
5069089643: 78 5 405 77 2 544 684 2 249 26
222051757572: 272 34 26 34 59 924 6 3 254
32096567252: 6 691 4 93 76 46 254 930
20061887: 78 3 5 2 6 6 635 7 7 93 40 5 511
59445874304: 554 131 67 418 49 5 32 84 191 64
214022819790: 69 218 17 5 8 308 773 8 58
87919481425: 838 41 19 273 208 4 25
94925824851: 782 4 645 949 40 8 779 32 9 3 5 609 182
1003605076370: 998 5 60 506 3 6 8 29 4 76
1724548392: 58 10 2 61 98 77 296
86095029418: 966 7 618 561 374 55 4 449 8 146 7 3 968
5484384006: 29 181 916 8 4 5 695 8 6
5584990900: 75 52 93 9 793 3 545 4 2 33 76 93 55
723211916234: 11 3 58 290 9 18 3 9 2 916 234
16767187160: 983 686 37 665 32 7 4 206 42
27851559372: 3 94 14 845 273 3 7 613 23
473336372: 6 4 70 59 453 91 74 580 534 386 7 8 4
29412315558: 68 419 93 30 56 5 370 7 747 331 304
2261942604: 6 523 7 8 2 31 400 35 657 9
1268029164: 95 2 77 154 83 96 2 60 3 3 416 16 4
4655009143: 9 42 52 9 9 176 73 16 38 225 3 199 143
80161361181: 84 625 331 80 61 37 63 769 28 5 137 44
3466164025: 792 8 7 9 33 28 723 4 9 9 4 73 5
7037947: 5 694 3 33 7 813 70 8 6 2 556 8 20
53243624293: 8 998 76 6 189 8 98 886 69
836449563796: 77 22 20 4 922 2 36 358 82 8 7
2742524778: 3 9 5 2 4 69 8 4 34 452 15 10 8
653848840752: 33 615 72 9 503 80 57 766 4 5 59 73 52
540283296699: 78 463 280 2 30 957 9 24 75
415285683991: 584 54 17 6 936 4 4 882 6 356 370 8 63
2382595469: 794 5 9 9 6 418 194 852 6
341677995129: 29 2 59 67 790 9 32 4 3 498 2 9
381519007882: 56 8 507 6 476 862 84 61 518 270 80 5 9
141707457216: 11 8 802 35 934 150 13 13 9 2 92
104307812829: 24 4 5 88 614 271 99
38399667473: 3 380 366 522 43 25 7 2 3 404 743 4 3
956322253005: 4 9 6 40 177 87 24 7 366 502 275 5
32295120453: 6 29 422 8 5 2 69 6 234 5 506 764 53
1329286006: 6 9 81 4 3 92 617 5 20 36 5 11 630
14058939510: 21 79 9 76 221 81 630
6227846220: 17 403 5 7 30 3 4 73 83 67
11133310: 8 6 8 8 84 99 2 428 85 723 122 346 88
38895624359: 531 182 97 97 7 495 2 2 89 59
84156698244: 76 50 92 340 811 98 478 7 708
54097480146: 976 228 8 698 65 3 375 27 21
51190509176: 23 8 4 21 5 793 9 42 834 3 149 8 46
15640294113: 8 15 88 6 7 700 867 2 21 555 6 27 63
182483429438: 33 847 922 24 97 9 539 249 57 90 73
7412690647: 856 206 7 9 573 8 930 96 12 653 7 578 175
4838623: 33 5 45 136 3 843 870 6 545 381 55 7 3
193877353570: 761 520 3 8 51 45 9 3 7 3 77 5 70
53705265083: 69 878 72 115 7 6 76 27 550 377 7 30 7
233899969342: 77 61 8 5 260 11 30 45 5 981 938 693 649
6478509762: 81 71 2 6 17 9 2 869 6 2 6 2 4
37737969120: 9 11 9 87 7 88 8 2 30 72 29
404079445855: 788 4 56 780 779 889 170 5 6
3442432039: 24 36 88 100 64 565 39
409437666156: 2 5 6 2 138 6 5 92 9 5 739 930 6
199256778: 4 49 77 851 651 5 4 16 6 78 527 73 30
452617533088: 449 9 6 71 194 743 96 934 5 3 8
65838673992: 989 35 7 6 8 7 34 938 6
2020060263: 24 3 7 158 3 235 3 401 54 266 339 2 63
8971376: 973 9 4 2 10 8 69 8 50 4 52 2 8
261868060: 2 7 6 96 7 46 9 41 2 2 2 234 4
1096065326812: 310 5 353 204 64 58 813
859260178665: 81 94 340 55 3 601 7 865 9 6
44968347414: 915 9 50 825 9 731 92 9
469751218307: 24 6 16 181 52 735 25 687 18 300 7
2698956047: 5 3 589 751 22 2 82 732 97 544 31 22 297
625004757: 4 4 2 6 9 9 18 5 7 94 3 942 3
295933603680: 5 18 987 66 31 51 36 78
327785751486: 18 8 7 110 9 44 29 21 76 992 33 63 834
9457223623: 18 43 15 509 36 24
153834546785: 384 585 345 962 55 7 4 75 2 945 2 6
16477181245: 8 53 27 7 17 954 90 80 5
1430180144: 9 9 74 2 3 765 3 71 8 8 85 6 8
86841198436: 4 3 850 8 9 4 92 636 483 8 436
943981386578: 97 25 5 19 22 53 9 77 6 5 591 390 188
34760569848: 710 6 7 5 648 18 87 906 927 63 47 8 24
284305839981: 801 75 4 8 95 24 513 716 5 549 47 2 3
266997265763: 855 27 7 66 3 98 804 72 390 615 9 44 95
126164513640: 12 59 5 91 7 163 79 5 703
198047386507: 4 86 31 604 4 469 5 251 60 277 9
314166245700: 87 2 9 63 6 430 642 615 889 9 808 2 10
3953373774: 52 30 59 487 48 52 715 575 9 14 79
204719908: 225 519 8 669 972 23 70 96 4 661 65 907 195
4746886788: 478 5 2 316 5 7 314 73 386 4
28438690: 9 40 4 42 2 4 625 5 447 27 8 458 7
1484676442: 46 3 8 69 3 859 2 2 22 219 71 31 4
2030467116: 62 73 267 9 32 25 5 8 5 4 789 67 8
11579255424: 5 36 85 78 82 792 874
33186250362: 31 2 18 62 4 34 69 6 2
189901460: 8 8 43 112 38 60 27 7 3 28 9 4 56
37897437928: 6 63 97 437 867 51 8 2
385102455: 7 17 2 5 7 460 69 18 2 35 24 87 61
4569033193: 489 28 252 8 661 50 867 98 29 514 9 31 75
11465973901: 965 535 7 36 4 59 2 681 4 73 5 76 201
850652158200: 82 58 24 97 87 5 64 65 5 4 614 10 30
89973879648: 344 6 66 97 890 546 884 40 94 2 26 646 48
25377232265: 24 6 6 894 2 62 35 774 4 5 77 745 65
355701505179: 10 60 9 8 98 61 861 2 286 495 669
1947628143: 6 5 869 109 4 761 66 791 685 7 59 8 449
952109911: 35 9 132 9 12 435 5 8 11 4 53 718 74
69201603321: 690 634 766 69 22 2 522 703 28 12 290 21
13694032800: 692 50 80 6 3 50 7 376
84721969992: 847 2 10 98 7 864 992
2069898452: 93 93 29 6 96 12 9 12 897 3 7 347 5
60340851540: 8 40 7 9 8 5 137 8 2 9 20 34 940
247082808: 13 879 691 43 5 983 7 3 2 6 7 3 511
223845934: 4 601 47 9 2 63 240 61 52 584 45 16 94
123646554543: 8 4 36 31 8 7 468 6 80 543
322823196482: 2 27 79 6 7 54 47 2 31 964 8 2
169463460243: 302 591 3 17 8 15 77 910 854 98 5 46 7
562755476795: 56 275 49 4 89 5 10 6 812 95
124298272782: 621 50 136 266 2 9 241
743141446262: 54 7 333 667 54 6 7 625 14 12
10314982626: 4 993 18 704 16 377 6 6
1901353662: 925 2 22 300 7 38 860 4 5 46 71 93 3
118527134412: 962 673 962 3 532 24 114 5 4 36 41 45 52
3458676: 15 99 5 12 5 3 9 33 3 45 6 3 3
24034133760: 57 114 7 896 28 65 64
274875813: 98 149 14 7 994 916 2 50 29 80 4 7 37
591671253: 15 4 92 606 6 82 73 512 77 9 4 8 85
259368042079: 322 43 67 27 69 31 673 6 97 65 7 9
2078884687: 26 5 10 24 73 4 30 4 9 8 9 56 663
136979102: 22 3 5 64 39 81 609 432 6 390 751 9 102
5885920715: 937 8 77 41 5 395 8 5
164023866242: 34 48 8 2 368 18 5 634 608
130680583776: 16 639 440 501 3 205 568 23 6 807 9 46 8
1473196545: 726 9 355 9 2 5 8 4 5 6 707 4 45
102258595544: 4 2 971 9 575 98 991 5 9 587 2 5 59
14494731: 724 15 8 16 9 8 443 2 97 6 127 793 155
19282125240: 12 68 532 342 434 555 84
1839834752: 20 51 26 19 90 35 3 82 599 3 2 448 7
1259919683: 98 274 8 4 6 3 168 35 159 5 51 15 93
6270382552: 3 9 4 88 7 365 78 5 136 45 7 2 58
4292263479: 61 12 7 6 2 3 983 475 52 294 97 7
1054693360319: 5 99 569 900 4 351 8 49 82 9
406091625878: 65 92 308 39 2 80 673 2 7 905 7 8
193900869255: 823 376 4 96 25 16 18 2 21 87 52 2
2238789560: 6 4 3 71 3 4 85 293 941 8
1151782817: 5 59 9 40 6 70 4 7 90 4 384 92 69
49933: 284 87 21 64 14 5 7 6 6 981 856 801 4
40777454845: 9 828 57 6 964 5 4 47 5 2 5 942 28
429498187941: 7 823 23 2 9 55 5 369 22 61 39 2
1062642830: 85 20 8 2 345 9 976 878 850 909 4 7 3
2063286: 89 9 108 69 9 10 5 3 8 919 7 6 9
59747764800: 5 6 41 48 3 3 68 8 19 89
9066146761: 453 304 4 2 918 95 361 2 2 9
58070957200: 13 393 80 444 8 443 47 5 8
651116665139: 397 113 441 7 229 802 5 2 297 52 8 611
23168011868: 8 107 553 262 6 2 9 30 5 445 17 85 83
198784975: 8 6 39 9 35 8 3 83 4 52 2 62 80
261959029587: 613 6 51 9 69 9 698 32 6 44 38 3 93
41067331848: 417 208 274 6 4 9 4 880 4 83 4 8 18
44564142820: 858 997 650 8 16 324 868
45016966864: 68 750 81 7 333 7 574 21 284 60 577 34 6
925566147880: 95 2 950 588 57 9 878 26 7 538 78 36 88
71081022263: 927 4 26 65 416 8 88 823
935235773: 4 6 4 76 4 386 5 3 17 951 350 4 773
978074319690: 648 38 75 60 229 2 95 42 3 72 74 15
50248418638: 459 81 3 7 95 437 8 62 93 94 8
162617799780: 7 44 53 24 3 901 4 84 55 6 26 981 5
2564524543: 479 20 234 72 12 7 5 5 7 3 4 273 6
23698647750: 725 6 79 9 35 42 3 4 18 29 5 95 5
1889991502: 2 303 37 308 404 2 11 818 48
166208986807: 29 38 69 231 32 184 63 83 53
301997937848: 266 2 7 64 78 361 2 5 944 33 9 5
226749697194: 518 8 431 5 431 971 66 19 9
1165685976: 3 7 2 5 7 9 9 62 5 5 58 725 52
135873598: 68 6 5 3 88 38 466 3 5 9 138 753 19
271953202594: 54 809 33 4 2 23 17 9 76 579 970 815 8
9579306288: 4 4 84 37 2 358 2 873 473 538 5 7
259291054218: 8 95 927 2 373 81 6 7 6 32 56 271 714
16860374322: 90 470 79 192 88 89 616 5 7 4 154 721 648
6291658190: 569 6 5 4 9 10 30 81 31 8 163 36 38
968748184058: 5 168 9 645 9 8 99 117 270 69 8 711
37830641072: 196 9 481 75 211 7 48 16 8 690 32
38388558213: 3 7 597 771 5 2 72 81 57 19 78 24 3
19909506480: 3 97 27 465 99 2 426 68 10
19802085720: 90 60 4 42 2 4 15 29 86 3 7 11 50
333460914149: 88 817 519 75 8 7 46 65 7 755 2 3 6
50836032417: 3 3 44 9 3 22 3 380 23 73 44
31208798474: 995 46 29 3 2 8 23 3 5
7250172452: 64 7 8 7 63 67 50 15 43 6 903
491673157124: 491 67 31 5 71 2 4
39932622: 42 827 35 338 4 8 6 199 4 80 36 9 6
6149203964: 7 65 504 888 39 7 96 9 6 44 359 4 4
227453819040: 57 88 7 35 696 85 835 6 8 60 67 840
644411861226: 64 39 4 57 20 9 339 605 7 2 6
502979: 7 381 9 6 8 8 995 29 2 2 59 968 430
2254088286: 2 2 540 529 3 90 4 257 86
1073643784885: 979 69 24 75 8 51 834 2 4 61 45 78 885
2224433024: 4 904 41 31 484
789594988: 3 78 8 8 75 60 2 10 62 757 64 15 9
959476427: 93 76 7 9 2 3 16 88 85 9 744 20 27
1318440025: 526 791 970 434 30 5 64 32 72 21
1039777194841: 712 132 635 446 5 174 5 734 55 43 9
2645178349: 13 403 25 7 3 6 79 794 2 30 8 9
75950187247: 5 5 705 412 89 81 3 6 53 4 3 4
276227798: 7 7 8 2 4 89 467 3 8 3 532 91 539
64938184648: 87 2 9 332 73 7 3 6 4 590 907 4 722
86457947361: 12 28 5 36 30 12 628 903 2 7 247
5297301334: 73 409 48 6 2 10 774 5 217 6 2 9 34
14486472519: 5 7 6 303 61 2 29 5 6 2 90 5 19
203462635428: 5 6 21 569 89 86 28 6 142 396 39
37422406117: 7 4 567 6 32 3 73 6 95 17
118837830306: 7 2 72 215 87 9 499 30 2 65 3 4 34
96120068402: 63 356 149 2 2 702 8 234 712 42 2 4 50
4977440681: 561 14 52 4 7 5 17 66 99 9 2 692 681
9998585: 8 3 16 79 9 7 58 6 369 42 4 902 9
10095070020: 57 20 850 4 755 62 42
2350770: 5 599 6 699 9 5 20 4 961 15 5 415 15
44395260: 6 7 74 84 94 14 93 9 62 84 8 8 44
127043355880: 772 83 583 67 9 114 18 4 7 951 4 5 47
82492550382: 818 6 922 17 313 20 382
232661630794: 232 6 61 625 4 53 94
21899510583: 6 25 696 4 3 35 83
1222617690: 61 437 45 678 629 988 669 21
10817964513: 3 5 683 69 3 316 541 65 63 80 9 13 513
313676713: 28 37 9 2 79 79 252 696 8 461 31 480 139
301252973472: 305 8 6 37 6 2 687 774 4
432084654774: 904 272 8 10 3 767 22 457 3 5 45 2 74
199008572364: 562 566 7 38 4 65 98 6
113130402: 89 36 17 12 2 3 371 5 7 55 2 30 34
2868487040: 38 9 187 49 570 50 91 67 21 334 18 7 2
12811555288: 97 914 446 44 323 81 94 8 3 43 30 9 4
9841749: 969 49 74 9 7 18 42 555 4 6 101 27 425
14886292846: 39 15 38 92 908 2 9 8 374 84 3 901 567
77149280748: 9 6 44 6 49 7 5 35 8 80 86 9 13
4917582393: 610 4 6 8 6 5 4 7 7 4 49 79 14
9269798091: 4 41 4 30 8 40 8 774 8 593 7 68 5
184905322428: 272 561 21 7 22 81 479 34 36 70
844347842137: 831 6 7 2 852 626 42 137
3968162358: 952 9 2 29 5 157 3 652 929 4 6 764 3
35784143508: 4 31 76 2 21 4 25 400 3 896 318 536 972
118158951672: 925 880 12 75 303 8 388 21 98 5 796 8 9
