795470704020: 79 542 1 39 467 1 505 1 535 20
759223402335: 7 7 986 340 3 335
986993942967: 76 1 158 9 8 74 2 3 83 1 51 3 8 1 8 14 53 1 3 2 3 23
110567797608: 53 83 68 197 2 724 956 1 17 18 8 65 5 523
704285550620: 695 8 7 5 848 8 506 20
96131032345: 811 371 8 1 1 213 43 3 1 70 6 7 8 85 52
77593188825: 77 592 9 2 8 1 8 1 1 825
138197793715: 20 3 17 205 2 90 1 57 181 11 474 98 496 1 8 2 27 1 8
885561031201: 8 8 556 10 32 19 6 5
33763042670: 562 9 406 98 3 47 6 45 62 915 737 623 94
428838164820: 9 60 3 65 78 7 598 243 79 298 9 226 11 6 10
490163809877: 4 21 70 163 31 36 13 98 77
90865858712: 89 50 7 56 73 353 228 30 1 356 8 8 7 882 3 339
398687344949: 421 947 4 44 944 5
124061647433: 34 1 956 47 94 1 497 347 824 1 718 253 93 81 2 65 59 1 23
754333797675: 9 5 4 1 1 91 93 497 358 688 51 1 806 148 1 85 17 90 65 94 45 3 95
65916230402: 9 311 2 6 243 754 18 757 2 166 2 554 13 731 2 91 8 3 3 2 94 12 48
289757704012: 35 84 986 69 183 835 3 43 7
8865992788: 6 2 864 1 953 7 6 1 373 1 11 88
31865634278: 906 1 2 37 24 1 979 12 1 1 42 1 7 587 1 19 1 984 1 8 280 469 563 56 926
31616799781: 45 1 729 79 7 90 1 45 4 7 47 9 7 591 1 8 1 1 2 7 1
1333065960: 171 5 20 1 878 7 219 1 31 6 1 13 288 330 25 8 1 8 2 1 1 4 36
806351359898: 61 708 9 28 3 501 3 4 1 5 59 1 8 98
14592774076: 7 29 63 79 81 88 2 573 1 79 604 4 9 6
318638903805: 796 573 1 4 96 5 5 3 805 1
545431474285: 481 7 488 404 938 1 710 3 67 9 55 13 21 309 53 1 5 6 4 5 4 385 877
32829349117: 16 2 60 1 93 53 754 534 1 54 7 52 565
76317550029: 4 9 96 15 5 786 953 354 516 472 31 561 364 1 1 9
124249252618: 982 93 158 2 1 92 9 1 23 8 14 618
23710018734: 2 1 370 1 952 9 2 15 398 74 732 2
525278671547: 142 586 2 228 54 990 35 817 791 1
351656006563: 613 543 4 2 1 807 549 961 31 6
17855259754: 5 186 404 6 8 2 1 5 5 90 58 33 2 1 1 1 1 226 1 396
95606979096: 15 2 825 96 7 43 56 7 6 774 2 140 6 8 93 1 7 1 1 73 89
428772047097: 14 16 1 897 511 154 1 3 1 6 32 1 894 277 739 1 434 9 6 1 2 73
131916584800: 739 10 2 1 2 904 40 45 37 1 2 400 233
116684013608: 5 99 4 105 843 55 224 8
1197496303: 5 171 925 96 1 4 96 303
77007770786: 70 511 574 328 6 4 2 1 88 33 1
108398875520: 44 1 1 294 3 1 1 212 35 62 3 7 510 73 2 5 248 1 52
951850958688: 239 6 69 44 6 3 626 8 623
17099160968: 39 5 55 3 446 17 7 1 658 290 199 4
708024362461: 85 1 1 2 5 159 5 20 414 81 92 39 809 27
224903934400: 464 88 5 60 9 82 515 6 20 2 3 5 680
827127550361: 914 1 3 1 713 1 512 46 831 66 824 5 7 43
138683409795: 670 9 381 6 3 8 949 7 870 36 1 1 171 633
30714000291: 34 12 524 6 89 6 470 1 39 75 80 5 9
229807037532: 8 3 1 5 8 462 7 3 186 25 176 593 55 39 738 2 1 902 6 1
240109935361: 125 26 9 4 796 15 1 93 935 361
46495323513: 87 77 3 489 6 9 14 69 129 10 486 1 211 28 31 50 3 11 17 500 11 2
1075308705790: 9 8 3 978 19 26 34 38 1 326 6 86 99 5 860 930
15497404616: 21 26 74 296 851 1 48 456 2 200
1026725610456: 833 6 9 27 2 65 77 2 1 13 7 5 77 86 9 5 3 52 1
685811806956: 49 84 541 63 9 753 409
9986123932: 933 38 864 26 326
35466429375: 670 2 1 1 1 236 4 866 61 5 32 76 811 74 516 612 9
490285137739: 672 8 9 99 236 27 8 9 89 9 82 5 1 43 1 6
207129850139: 255 907 9 816 379 270 93 812 787 52 4 31 184 1 51
60100354632: 9 4 3 442 41 6 4 63 9 1 1 237 1 615 5 49 293 5 5 77 9 184 1 61 3 787 8 3 69 2
29772296762: 330 1 1 42 1 533 1 8 9 9 7 1 7 76 2 1
117708938839: 6 4 5 72 2 531 6 43 90 1 9 716 3 898 726
207876565663: 7 6 86 6 542 63 17 1 5 16 7 339 8 7 9 9 7
204232958685: 5 35 3 260 805 89 96 9 1 1 1 14 2 173 7 1
169586933221: 176 4 555 8 952 78 6 32 1 260 322 1
609640045376: 7 1 461 7 1 68 91 5 530 66 1 5 58 6
79877335337: 7 1 96 8 1 85 8 772 5 8 4 905 432
360818869098: 29 61 1 92 46 5 33 565 7 821 117 2 60 93
228959052636: 759 152 7 8 405 62 104 25 1 36
966021566402: 24 54 4 93 61 5 13 20 6 1 7 35 1 9 53 73 55 1 4 1 5 1
174295864255: 944 463 9 209 1 75 4 90 6 22 9 1 53 90 1 5 196 45
710688155344: 678 7 353 1 18 9 61 279 4 18 28 47 3 508 1 16 97 83
28338921282: 503 683 3 491 5 76 42 714
207359896590: 5 3 138 60 11 124 980 3 1 93 585 5
334063392184: 3 3 995 3 10 182 94 9 824 153 42 20 8
752548103573: 6 1 51 1 54 80 1 9 68 67 73
117003890880: 986 8 3 1 5 2 935 1 6 1 90 48 2 57
265200410458: 30 83 37 8 3 38 38 91 764 73 1 1 1
384527127682: 6 4 87 1 353 871 366 57 5 1 6 62 1 1 476 2 82
15152993432: 7 5 95 1 27 477 2 20 281 2 2 867 193 65
858447656992: 9 936 45 1 71 1 7 41 1 611 481 9 1 40 6 20 97 253 266 82 35 2
166502785523: 835 8 9 739 3 69 4 176 2 1 2 928 3 4 1 998
476703349200: 486 956 95 73 606 300 6 6
189379563876: 812 1 880 73 50 24 54 3 4 956 387 6
24306808357: 700 110 62 295 98 5 982 657
337616329050: 9 602 14 55 45 37 431
846711338505: 902 1 59 44 4 37 9 53 104 66 3 2 505
23596207452: 23 59 593 1 23 21 453 1 52
35860367196: 546 19 44 248 21 6 1 1 330 9 94 11 1 49 4 63 948 10 1 349 2 11 1 4
115544911231: 24 91 46 7 1 4 1 911 22 6 1 1 2 3
245940998236: 2 23 49 7 97 6 9 24 9 781 1 1 541 4 1 17 3 2 6 9 3 1 274 5 576 9
387405015096: 43 542 539 588 7 85 9 6 68 88 27 36 319 1 706
85079212754: 9 38 331 9 67 25 656 470 6 1 1 8 4
510344739840: 78 177 69 9 416 94 940
34261081966: 57 6 80 9 745 3 195 338 70 18 13 1 642 1 296 992 5
11705903186: 937 963 10 260 3 48 1 1 1
129062136960: 90 691 1 83 7 1 6 103 92 29 582 1 74 30 8 78 689 3 720
209124895104: 200 3 2 33 9 4 316 76 46 489 1 5 104
22496335855: 19 9 13 4 64 69 7 49 553
13363694868: 647 1 1 7 37 1 1 1 7 52 4 33 81 92 2 830 88 69 248 8 80 750 1 21 7 187 24
247170982442: 88 2 989 22 3 2 5 49 90 943 1 2 3 14 89 73 5
674993436152: 16 837 94 3 42 7 838 7 4 79 21 72 8 1 49
199833292973: 5 5 52 566 61 909 69 790 3 321 3 5 6 13 10 1 139 2 6 8 125
11485374412: 191 286 6 6 2 9 1 80 33 9 6 1 2 73 39
2242903908: 39 2 1 2 123 5 74 1 6 5 32 74 49 1 39 602
300018606790: 273 754 73 4 3 329 4 1 6 4 34 1 9 9 317 6 30 4
5713061928: 227 9 1 877 647 18 1 8 9 21 1
33795565383: 8 402 7 73 32 584 71 28 78 5 90 1 9 229 9 1 9 405 3
11366845220: 108 5 667 722 718 7 35 485
101633297360: 444 5 20 69 564 11 55 1 8 26 4 619 206 3 55 35
360176634954: 628 776 35 124 801 105 1 4 39 6
4756024841: 475 506 4 2 41 6 1 875 769 1 72
178689172608: 177 36 420 993 927 9 8
1042460197321: 6 327 515 5 1 420 5 59 29 1 1 8 5 227 77 4
478534706477: 953 69 890 7 66 349 1 3 249 225 65 334 5 657 3 32 3 1 17
545983689517: 9 9 62 44 5 653 55 286 23 9 69 930 7 7
125859515537: 3 77 1 43 1 1 796 5 630 15 1 5 37
123363135448: 6 649 1 1 584 6 953 9 1 23 96 5 99 87 523 6 1 3 4 9 4 953 1 1 1
112680899694: 7 931 193 7 190 87 3 6 99 1
161634503584: 3 702 1 90 8 94 51 557 1 6 6 7 70 1 6 284 1
101769019176: 487 1 1 2 83 990 1 73 77 98 3 466 6 1 1 8 54 907 682 11 1
9846478373: 8 9 78 3 865 371 4 8 95 372 1
875959399935: 233 35 1 2 16 56 8 26 35 5 816 61 905 835 9 7 9 2 5 9
90976745705: 670 6 71 64 44 7 540 642 32 570 5
25752810058: 44 47 80 33 50 579 1
6009438471: 8 4 74 686 83 697 18 80 373
598664362608: 8 1 63 70 824 399 796 229 4 787 60 156 78
354319809989: 9 2 3 1 82 9 6 725 469 9 2 834 7 362 5 2 776 1 211 4 83 8 5 19
111538836849: 689 1 1 498 966 993 337
204963511496: 474 22 8 7 65 56 674 457 8
396309728076: 256 1 65 9 2 65 4 42 6 9 9 4 811 80 197
973609817171: 4 5 31 8 1 876 1 152 3 1 800 754 49 54 8 414 64 31 1
34426296537: 8 1 49 27 2 6 1 52 237 1 50 4 5 537
8172891889: 85 57 4 5 3 663 28 32 59 889
208674322231: 20 1 868 432 1 754 477
174017529461: 24 736 606 87 9 997 53 7 10 83 581 34 41
33236944748: 19 42 934 37 410 48 8 13 1 436 9 1 63 185
2502636665: 46 80 20 36 64 1 49 99 787 31 7 39
3706511698: 5 503 27 20 2 7 550 747 1 601 68 8
1768338276: 97 481 1 379 76
26394984006: 108 1 185 826 1 3 6 80 161 33 1 5
207446197745: 6 1 8 66 523 84 1 52 3 1 6 1 799 84 7 1 2 1 27 69 59 97 4 76 1 33 1 13 1
294351246697: 294 3 512 466 94 3 1
195870564852: 9 92 85 4 71 9 35 929 25 35 813 1
51183819219: 6 1 3 35 9 61 1 81 219
577678861780: 16 32 500 66 80 4 17 56 63 25 8 251 1 93 5 850 8 7
64306775484: 642 98 6 80 827 600 277 50 84
439259513028: 394 8 5 9 1 81 4 620 3 3 452 784 95 61 1 9 62 96 1 6 17 995 16 3
211732505286: 7 30 5 1 12 4 2 288 65 63 86 68 318
692003977985: 5 5 17 83 67 74 637 75 6 55 97 5
81105930990: 46 280 917 10 9 763
13789548566: 630 77 665 1 8 61 53 2 6 57 939 49 1 9 107
163406754000: 79 3 151 6 1 31 3 4 45 59 862 14
682540295795: 681 983 4 546 7 294 1 28 645 6 972 44 2
392907715261: 20 756 77 767 8 55 5 56
38579462120: 2 9 936 8 1 70 88 18 1 1 728 1 1 9 91 1 9 29
367904601293: 367 904 5 9 94 18 93
139043700169: 2 9 360 36 69 1 2 89 27 214 45 95 439
226015168990: 5 687 1 269 209 2 3 390 123 7
52635916881: 23 1 106 775 8 792 59 1 1 2 964 778 918 64 2 17 5 81
21220017576: 9 9 7 377 5 9 9 764 936 10 65 833 731 85 93 34
9027750600: 564 2 55 654 5 89
657884900199: 39 573 529 121 15 1 1 569 91 255 238 767 588 1 692 8 8 19
66498842760: 956 424 1 9 74 1 93 28 7
213020720785: 24 6 497 1 689 80 9 5 6 38 4 8 61 4
858721383804: 530 95 754 1 5 429 713 438 754 33 93 4
599615774952: 994 254 54 22 8 267 68 6 98 77 97 9 52
2755724720: 6 98 1 1 1 1 26 4 7 379 15 7 12 1 2 6 1
65272383792: 329 1 45 48 1 661 3 2 468 3 64 882 14 927 6
13146752532: 33 5 87 236 1 4 57 12 58 4 828 637 184 4
175305553418: 7 90 464 62 31 8 303 1 5 5 7 1 341 6
1003414808788: 805 4 1 438 6 7 346 38 21 65 1 9 1 4 4
167024216035: 83 512 107 963 2 21 84 4
10486495824: 12 312 86 9 79 56 9 7 4 400 8 293 8 1 5 44 26 90
53257676880: 5 325 768 1 687 5 4 1
3933453895: 419 83 675 1 1 8 29 7 95 467 8 839 35
940302257489: 59 840 482 5 3 1 1 2 46 217 57 89
113323678428: 758 539 19 90 806 78 428
87606131251: 989 2 39 34 4 6 61 7 62 70 83 70 1 4 20 8 41 667 743
237879787496: 7 5 743 1 955 8 1 6 591 55 24 700 18 8 686 96
612115732566: 47 812 9 71 3 841 35 13
795996671879: 486 308 956 900 57 84 5 9 2 7 54 251 18 610
85736230272: 3 221 7 7 781 52 4 944 452 31 8 62 971 63 7
102675595256: 37 881 4 806 978
4763417880: 7 6 5 1 57 460 183 1 4 6 1 36 43 13 20
189888361471: 62 5 979 4 476 611 92 73 6 8 833 439 7 2 53 2
38464794593: 480 903 699 36 8 7 7 163 51 780 953
63117240030: 235 1 285 76 1 621 20 22 1 8
1737616860: 6 161 76 282 1 4 4 4 385 1 3 72 32
513831661464: 578 3 59 91 58 162 82 67 6 50 10 54
32856704101: 33 436 379 42 166 26 1 70 36 9 979 8 53
426179630338: 54 462 3 990 372 4 586 38 225 819 1 7
119087236573: 544 5 113 528 87 1 20 52 313 61 1 1 3 9
115873728767: 2 921 56 1 6 80 9 24 8 421 97 5 22 1 58 9
6819732467: 3 76 580 92 321 832 59 898 95 324 67
118503322392: 5 4 1 83 1 43 8 767 679
348562444557: 2 1 6 2 7 29 9 810 9 8 5 1 3 3 9 3 633 45 21 746 57
880584584966: 29 65 6 149 35 91 1 34 195 7 1 470 156 1
157675112400: 47 799 382 1 99 1 1 41 364 3 480 448 1 520 479 3 1 2
109131976013: 379 1 83 68 93 47 2 64 90 817 23 1
161874669309: 2 822 7 6 1 436 99 1 752 573
503350270274: 690 534 108 1 91 87 1 139 1
4282504185: 6 34 38 7 673 4 1 690 1 1 149 1 3 38 15
822993584470: 4 784 3 4 10 333 93 56 2 319 68 7 1 564 28
7127270542: 356 1 3 2 493 2 25 256 3 531 3 8
3532144630: 828 2 427 1 62 3 7
2709650304: 946 4 37 803 75 1 96
114117205357: 817 3 9 3 403 123 122 770 9 7 9 4 82 71 2 3 54 177 75 41 13 7
288300754715: 10 277 4 658 89 140 749 95 8 287 355 81 20 76 4 7
22909330836: 457 97 96 877 722 588
547817542653: 533 12 431 468 1 358 725 555 29 1 1 33 97 62 8 1
937743781268: 545 630 7 113 89 923 162 3 6 19 29 4 59 3 31 89 593 5 1 6
8152163571: 2 1 9 5 24 1 4 89 763 5 9 289 2 68 206 93
25077538747: 137 7 2 2 1 630 434 1 8 1 9 288 955
7426972178: 19 1 723 6 97 21 1 8 8
30079560765: 601 5 912 153 5
104866512302: 44 576 714 75 813 67 2
10425235063: 63 26 704 4 21 781 499 25 730 7 653 602
828241664920: 9 90 662 6 16 65 732 32 659 5 1 83 2
112376214283: 59 60 44 1 2 38 2 7 9 1 90 7 488 71 60 67 81 7 6
63468650696: 8 709 14 8 5 725 9 1 335 267 3 1 7 5 68 73 18 70 526
42806573459: 958 52 1 247 2 2 34 801 5 6 898 727 1 5 92 2 7 32 1
10308775470: 26 834 781 619 718 622 2
503761325523: 638 1 1 74 19 1 840 9 6 2 56 3 699 8 1 26 1 77 3
1078999531043: 686 791 2 603 1 1 1 970 581 1 1 9 770 2 131 29 7 3 95
704504103336: 55 6 1 576 10 5 5 94 1 86 607 750 639 24
1436343465: 351 182 5 5 74 52 492 8 120 7 2 932 3 1 212 253
7187177100: 95 4 951 1 745 1 91 9 723 129 61 524 1 52 20 77 7 4 7 1 6 40 1 26 1 1 34
2112287637: 907 919 94 110 6 1 19 49 8 6 88 1 8 217 65 1 66 6
89542698634: 4 6 1 2 3 5 1 50 3 25 16 1 2 1 6 18 1 929 14 858 3 77 435 13 8 130
868406096492: 8 3 75 840 60 9 6 393 96 3
139679136652: 2 1 5 74 5 401 30 49 14 6 652
65892137665: 3 5 6 58 6 45 9 3 28 37 66 5
21107892286: 43 6 990 86 1 9 92 8 1 5 31 5 5 456 10 4 77 34 6 2 13
191642922028: 6 1 911 12 1 56 45 22 162 998 4 4 1 15 300 2 26
22852941695: 549 34 89 2 63 416 415
403927884165: 2 1 7 341 37 67 830 96 993 46 1 7 6 4 68 925
558749301928: 986 35 81 78 531 478 5 78 688 1
307271802128: 8 32 6 7 7 53 14 1 8 56 36 89 973 4 4 1 18 1 6 64 34 8
71585949388: 949 4 1 1 32 3 6 5 8 309 1 726 7 1 52 899 2 93 1 88
21469764240: 935 1 2 6 3 57 533 60 24 47 8 627 14 1 372
597470090576: 7 1 990 1 5 511 1 3 31 4 2 969 46 107 97 31 2 737 13 65 39 1 358
462947958768: 400 1 62 7 66 1 1 181 1 1 1 10 58 7 6 8
150962206792: 158 1 951 689 84 7 76 1 3 5 8 1 714 57 42 559 702 4 8
317598329874: 508 75 72 8 1 4 444 67 54 279 1 3
182803625821: 9 8 509 1 18 314 31 38 793 34 48 51 13 525
4548262238: 447 6 9 8 27 4 1 3 191 2 746 9 6 27 611
6451215512: 879 9 2 34 658 55 1 12 5 94 81 32 8 56 1 6 1 10 28 3 74
1893720213: 37 7 144 656 5 1 9 651 50 75 27 13
20318783622: 6 8 6 8 89 416 117 34 1 766 22
626757800958: 9 496 15 7 64 212 1 50 3 647 8 995 97 1 115 73 9 9
3567096083: 20 35 2 5 68 5 799 1 37 369 77 75 2 489 25 8
1268091226: 20 1 5 83 4 2 1 32 1 9 1 69 864 515 574 2 222 4
66612793377: 7 1 64 76 9 4 2 47 41 393 82 458 77 1
629200383768: 2 9 15 992 36 72 591 68 132 1 1 2 947
536859496071: 56 2 98 80 7 65 22 7 4 807 865 8 105 316 848 5 11 1 7 4 67 663 5 27
215472703704: 9 48 299 698 1 5 5 727 5 73 1 75 27 478 76 2
10778299369: 158 7 879 97 768 944 944 9
30057175683: 58 2 10 50 58 4 9 75 5 1 9 1 1 82
844039792600: 954 486 1 24 2 774 49 78 1 1 9
120812950374: 178 6 1 4 48 1 1 8 489 64 2 34 6 1 931 226 74
779444833793: 4 1 9 7 1 307 1 42 701 61 62 6 95 9 473
20726381874: 36 79 57 14 1 422 802 9 1 7 1 83 874
945714260701: 90 4 571 3 348 1 9 40 6 5 54 797 701 1
887289705893: 2 123 892 62 242 51 35 4 190 19 117 2 8 921
356063408536: 56 518 630 379 73 7 9 8 295 8 818
448024206729: 9 7 651 268 1 8 1 63 647 65 185 888 164 9 1 5 1
35721898411: 35 528 29 7 513 441 566 61 60 307 677 11
28462160743: 5 581 642 3 64 1 461 1 14 393 6 5 3 1 89 1
339547286151: 62 55 2 6 387 16 30 78 5 2 772 7 5 719 9 1 8 1 6 119 32
7027364282: 70 273 55 8 130 3 422 3 1 7 9 707
886335986167: 997 99 381 21 9 7 6 3 7 7 341 710 458 1
168652581678: 137 56 102 661 342 544 462 4 65 2 1 951 171
525564475126: 871 4 8 1 1 406 45 6 875 57 569
555885011541: 9 7 770 89 470 701 80 136 50 959 40 88 4 7 978 99
279674515360: 87 3 2 80 1 1 94 1 1 304 961 19 5 5 17 2 8 973 34 16
67968701753: 619 804 54 280 21 1 60 34 903 98 15
5659504826: 568 452 131 4 1 490 45 8 3 29 1 214
179378825280: 76 7 426 1 9 7 1 107 94 88 80 915
922033979515: 8 821 83 1 9 3 454 76 1 43 5 742 82 6 375 2 2 4 9 7 73 29 31 108 95
48625048764: 8 66 267 7 1 35 3 133 8 97 29 62 54
1015528632621: 19 588 551 87 2 5 799 80 5 1 326 21
124300995398: 38 801 204 97 98 33 18 449 8 4 7 8 10 34 67 44 30 857
12420300451: 589 5 402 13 4 70 6 4 17 36 1 807 709
809342017390: 71 185 1 7 2 36 264 6 848 55 719 713 8 6 72 901 9
248558012690: 438 1 16 21 385 7 567 9 41
133804686487: 902 5 130 46 83 79 173 371
13217178848: 6 1 4 10 79 75 913 782 131 1 7 2 348 159 1 1 330 426 19 76 8 1
5579378787: 397 84 68 40 833 8 87 64 72 216 837 40 77 37 32 8 7 5 829 6 1 1
1029671705886: 847 6 610 70 5 65 949 9 7 425 754 7 1
573590592509: 57 3 581 6 78 6 1 1 7 205 3 8 754 1 754
137693544405: 91 69 3 72 5 841 46 466 35 260 12 403 1 1 2
371299795876: 278 798 6 1 694 28 150 12 1 4 54 98 13 45 7 7 492
174892901359: 2 7 59 1 2 69 5 988 1 4 82 94 993 25 1 287 59
28319241473: 2 6 836 12 97 212 7 607 6 1 27 7
524604019398: 52 460 3 967 51 5 8 98
308658466848: 73 7 161 580 3 3 2 299 281 88 313 2 2 8 1
892225933834: 9 3 3 2 61 2 53 986 1 2 196 1 7 842 84 1 5 91 7 1 599
818604672444: 2 53 5 1 1 2 47 38 53 2 75 21 428 3 59 153 1 1 979 35 27 3
1017632116825: 13 97 62 22 1 34 542 22 776 14 36 1 11 49 5 5 7 254 8 1 98 5 37 1
459379769486: 2 453 3 1 8 5 35 44 769 462 24 1
486168603125: 14 5 933 478 4 51 762 4 3 9 1 1 813 1 5 25 1
19973637641: 3 9 8 17 1 4 1 80 57 1 1 49 1 1 7 61 637 641
5683940416: 3 1 53 832 3 9 58 35 365 5 16
857215447445: 34 785 7 78 276 16 15 7 7 7 5 1 7
141500859575: 44 44 1 7 798 45 3 1 493 7 8 515 22 10 88 8 59 9 1 6 9
30679014452: 6 38 257 5 789 71 3 30 401 52
282808584285: 281 785 110 5 822 78 8 1 1 417 36 66 63 897 8 887 493
48076758808: 6 8 74 25 89 494 8 990 918 436 1 40 52 1 71
246904494592: 2 4 74 393 9 5 9 294 86 21 458 3 9
386871836589: 54 55 7 84 503 123 405 227 7
439150646207: 79 9 76 903 46 1 630 1 9 152 688 309 9 67 39 10 1 717
26493559094: 433 8 28 1 3 39 62 24 20 5 926 51 2 3 1 1 140 1 59 908 78 470 1
156742594568: 42 7 2 1 46 4 125 914 40 46 3 7 263 30 4 513 8 8
169301664433: 29 3 225 1 620 43 21 8 42 97
33935712325: 43 86 74 44 485 1 8 1 31 716 1 5 55 38 3 1 1 8 8 2 95 1 5 286 139 1
56437366320: 43 104 68 664 1 71 20 8 22 261 47 8 87
316172557703: 5 1 483 2 527 900 9 1 1 316 236 683 76 5 59
2589932121: 58 1 35 1 3 516 204 1 5 1 441 1 49 403 3 70 803 932 117 4
394449858389: 8 4 470 427 452 1 124 1 251 59 9
233603544446: 792 601 89 33 5 1 707 2 896 7 1 6 62 1 59 3 428
490523274380: 4 1 421 255 3 5 7 84 4 1 30 93 2 1 6 4 380
242298441014: 2 1 66 5 54 561 59 1 47 1 1 4 41 875 7 2
14716298816: 8 6 1 7 15 6 6 96 2 146 3 78 589
6996930836: 2 791 4 38 149 269 5 93 1 4 1 1 51 1 1 638
434484319368: 27 23 982 54 399 17 51 7 8 7 1 3 8 4 3 6 31 1 918 65 1 33
1065581298432: 5 49 9 1 386 1 496 2 409 14
873785265768: 834 7 919 754 3 1 505 2 37
964136082239: 4 182 6 772 102 3 320 10 7 764 9 495 74 4 8 3 8
899423188866: 8 9 9 1 42 3 1 869 19 1 66
62977997367: 462 74 1 6 9 56 63 23 69 29 27
115855225345: 30 4 5 60 457 15 8 21 105 89
185560792915: 76 60 7 39 8 247 3 1 233 1 62 8 74 41
981397827783: 980 6 6 73 78 2 7 783
888228812138: 80 9 79 228 50 29 95 1 70 1 55 35 3 1
651081196568: 6 510 806 1 58 6 560 9
3885237987: 208 49 26 2 370 5 5 1 29 50 244 48 3 6 5 1 974 1 1 12
911008453620: 8 6 8 2 3 5 1 81 20 65 2 79 1 3 620
888438469476: 76 556 40 8 5 30 627 7 7 30 476
9830013521: 6 68 5 903 99 16 97 521
74168172374: 7 41 6 67 4 5 5 72 374
4175609368: 79 37 87 65 391 162 9 8
84677768930: 4 1 928 8 9 8 76 2 343 818 2 97
430444362528: 65 875 5 1 4 24 586 317 1 821 32 3
736013750984: 36 1 1 456 341 2 34 875 2 978 1 6
3944542790: 39 445 297 1 18 6 995 1 38 89 2 8
66328180373: 7 78 6 8 764 8 1 27 192 767
193411909635: 327 1 72 94 84 1 64 612 1 399 1 2 2 8 5 26 1 35
13440580072: 61 382 7 58 8 113 1 973 1 36 91 1 611 5 377 1 63 201
247040057195: 9 5 2 99 9 6 9 2 5 115 831 89 573 908 5 6 467 728
73985064600: 69 4 891 93 4 1 5 9 1 73 600
499428267942: 7 4 416 3 3 29 308 8 9 6 463 9 8 81 1 43 3 490 3 1 533 23 1 8 1 942 42
56882995200: 47 516 132 80 36 90 9
28080582797: 2 799 84 73 746 2 8 1 2 790 7
183141571927: 95 86 807 23 6 72 5 9 1 8 30 43 8 360 4 87 1 491 848
5211844620: 88 4 813 4 909 20 842 441 8 61 5 8 7 6 32
1022648981038: 7 1 66 965 5 6 1 6 59 17 5 7 84 16 569 1 248 771 69 7 54 600 31
889593928295: 47 6 835 1 53 1 4 2 40 28 1 295
365113801287: 9 430 89 613 83 103 5 303 7
26044758041: 37 95 59 392 1 22 845 722 1 9 1
112036759417: 8 9 2 9 95 95 16 5 8 367 57 2 409 8
151024745686: 50 34 13 3 7 57 51 29 7 932 7 747
907827364720: 2 6 95 3 2 403 68 73 1 95 924 999 762 10 55 1 9 3 4 9 332 80
131686092993: 41 5 47 447 49 16 2 3 2 39 1
199518846942: 47 21 43 1 120 3 1 7 89 344 42 1 699 4 6 9 15
517584326688: 36 92 1 641 1 597 7 1 65 7 25 563 14 52 5 1 438
9152780890: 6 30 74 1 620 33 737 1 125 56 776 43 6 64 55 1
5103597208: 510 3 1 597 208
2606277613: 663 1 86 4 54 1 6 884 3 3 4 731 1 4 1 776 10 3
8358001467: 49 2 737 80 16 1 84 221 402 1 844 1 1
67784339779: 31 4 1 88 18 9 717 8 1 21 8 71 59 169 9 780 602 8 1 6 8 14 25 417 4 7 3 634 1
66546799282: 65 1 935 611 7 9 9 282
2915319160: 869 199 6 46 559
18636772887: 3 64 56 10 1 1 382 428 696 2 155 584 675 1 183
27696635615: 57 1 881 869 295 38 69 9
296092226561: 27 9 76 2 86 79 27 8 75 23 1 1 857 693 7 4
174023430752: 4 3 6 3 522 41 43 5 1 8 319 9 72 1 56
923638496790: 497 1 5 828 1 87 8 1 27 81 745 49 8 1 402 94 774 215 8 717 30 634 551
98259641428: 89 8 2 8 81 2 90 86 6 34 7 428
37305142014: 396 863 16 5 47 4 383 607 571 6 630 2 2 4 70 1 83 37
898771133005: 2 969 1 2 7 298 1 1 737 56 837 7 1 9 538 469 200 1 3 429 11 2 1 4 5
543098234399: 54 298 11 368 66 1 381 6 5 6 1 2 6 599 9 40 1 67 32
273131717762: 3 680 4 8 54 371 2 28 6 53 63 1 799
6016911012: 8 314 420 7 1 2 2 8 8 90 1 2 59 1 81
40839232267: 39 3 7 18 820 712 5 515 1 268
862761313525: 18 185 1 659 6 1 30 3 1 31 97 221 8 5 79 1 364 161
15118181820: 825 1 9 8 9 5 1 399 81
2452982402: 580 1 3 72 5 1 979 6 1 2
96268017926: 4 420 447 5 82 5 824 7 99 97 77 1 9 5 576 311 1 34 6 2 251 8 36 9
939714330541: 8 9 1 1 808 3 4 90 44 7 9 34 37 59 47 60 5 56 4 6 7 4
75244214432: 9 71 1 6 1 31 4 232 13 664 95 77 2
33886332429: 5 53 4 564 929 3 82 1 529 1 77 84 813 2 116 281 1 240 238 5 81 6
167171654021: 2 7 825 7 31 44 355 872 71 85 6 212 61 389
677548492812: 5 8 5 51 4 46 8 641 31 693 1 6 55 87 758 905 36
1052808329120: 4 255 5 395 18 35 832 2 7 120
49884885658: 61 4 7 9 802 651 199 54 85 152 21
162818264422: 600 104 3 8 5 6 799 248 1 7 578
646466641869: 38 8 5 4 572 19 1 458 18 1 6 2 1 2 836 172 3 12 83 51
35261013947: 91 261 609 93 15 5 60 1 344 2
154189410020: 8 762 596 351 5 2 5 4 20
424842947371: 6 38 1 40 30 6 429 300 8 10 599 5 890 1 671 962 3 3 1
21300812809: 8 660 22 227 424 55 50 1 89 60 631 9 1 1 429 95 3 5 190 6 79
295399664159: 72 179 222 86 51 132 6 6 1 2 1 68 9 87 7 47 1
65472936713: 233 6 97 1 8 593 5 3 1 19 960 7 6 795 64 762 6 41 3
75464969286: 9 956 10 8 93 1 5 1 9 4 1 2 1 13 2 2 46 8 1 1 143 481 17 364 3 357 726 2 7
1079900077893: 6 83 8 8 17 480 9 1 29 800 3 23 97 4 48 3 2
3221586180: 5 5 1 4 7 6 94 74 2 2 3 9 75 63 7 8 1 607 5 1 1 35 645
107353566217: 92 981 52 1 565 746 471
748916762220: 421 57 533 92 733 2 1 532 625 9 39 30 168
667346634497: 20 495 1 887 17 814 1 6 4 1 7
1481740150: 5 60 822 1 28 484 14 470 1 35 4 47 50
836796534643: 86 624 9 966 642 1
21459416703: 753 375 78 536 5 622 202 62 4 6 70 7 57 9 96 7 1
978050873896: 2 395 4 428 5 476 84 75 9 23 7 8
767520203174: 81 60 1 1 205 64 15 946 776 768 2 9 1 3 772 206
58964276578: 58 131 8 252 3 8 104 72 743 1 62
201189127866: 579 785 484 77 74 4 36 5 764 76 22 1 74 3 703 19 928 3 60 4 2 62 66
6876157853: 503 185 51 1 11 903 6 1 137 8 24 26 3 1 1
626255583664: 6 26 2 555 6 592 2 1 745 1 28 933 1 1 2 682
1073517705301: 860 41 30 1 87 1 62 86 6 348 22 32 2 85 1
4512304638: 5 75 54 9 325 621 7 75 851 385 791 15 2 3 1
624826365532: 4 2 2 646 153 1 1 9 974 1 4 8 1 1 9 38 759 7 27 754
8517365342: 13 3 18 5 812 6 7 4 2 653 42
402773584278: 92 32 1 11 5 959 6 7 1 429 41 26 67
15923677124: 27 7 594 857 61 1 310 1 2 5 7 92
20407844808: 19 7 1 647 6 94 717 1 3
201377098800: 3 7 5 82 1 989 87 550 764 9 1 2 306 2 2 254 1 743 1 5 25
83986775075: 521 75 2 6 997 814 7 48 2 75
10515316793: 539 975 2 481 679 3
949458406641: 65 1 31 589 708 1 1 607 776 84 280 77 72 84 45 1
45790634072: 460 18 5 9 51 9 105 1 534 20 5 415 72
13177787828: 4 5 5 802 54 6 1 7 745 4 2 421 9 3 8 1
83541469585: 73 48 1 357 399 15 48 63 268 656 4 3 6 5 1 50 14 6 7 581 14
203592390742: 203 5 824 99 90 1 74 2
7536967691: 9 24 1 656 880 68 5 6
1081610494085: 4 73 24 5 2 5 816 312 4 1 115 485
367980598272: 9 808 3 6 7 79 1 9 5 28 1 33 322 1 977 8 7 1 8 36 2
62216941825: 731 95 4 3 85 596 723 99 4
735296275684: 73 1 47 4 54 1 541 86 5 684 1
214389618736: 854 29 49 979 96 5 25 1 394 617 7 2 91 1 6
44820629029: 567 8 51 71 54 5 257 52 6 608 4 9 7 996 33 1
801862279147: 10 70 1 186 1 9 45 1 333 1 943 2 204 1
881871904627: 2 1 960 3 70 9 1 949 5 6 90 387 8 8 742
3179232182: 3 42 38 63 152 4 103 79
462007339825: 48 7 12 2 1 86 95 1 5 1 37 8 779 373 92 343 1 3 387 5 10
534062305143: 524 66 7 8 18 923 6 12 894 80 9 278 1 1 1 29 5 9 8 147 92 41 1 2
689551713732: 985 7 511 6 13 732
82233794400: 44 1 98 457 6 88 2 98 3 1 1 50 1 8
837292721199: 62 984 482 8 63 28 61 9 2 817 1 87 2 821 966 4 901 95 539
1055121773481: 555 41 1 7 93 301 9 63 923 481
321039214419: 728 1 1 1 44 4 609 5 17 103 2 91 3 832 1 8 14 414 5
10281287330: 606 422 1 134 153 330
225021515783: 97 2 23 9 39 98 13 1 8 2 3 57 83
766991152217: 41 5 196 9 277 1 3 26 1 5 1 672 51 2 9 80 42 903 8 857
13761928420: 41 40 171 831 4 1 4
12002117728: 5 979 95 5 5 3 89 2 829 16 1 1 909 81 8 265 15
26757159030: 23 3 7 1 1 57 150 7 883 564 1 1 93 489
198016469370: 6 1 278 300 1 755 1 942 34 3 3 91 270
3612152776: 3 9 3 5 43 35 503 1 9 1 76
444128354898: 4 39 1 40 150 1 4 171 317 66 574 919 629 98
156581066357: 195 8 5 35 10 4 3 51 2 225 508 1 71 298 492 63 50 7
237344856960: 267 87 970 720 91 536 960
769412760155: 75 1 9 412 7 601 55
8810523137: 4 1 1 24 8 69 571 57 1 3 155 53 484
415661436008: 64 1 672 5 147 10 37 82 1 88 10 225 96 8
533026290071: 9 35 404 6 6 4 57 2 44 2 1 898 2 72
3175574445: 58 99 449 3 5 74 445
1084656402497: 2 6 233 578 64 201 58 55 630 78 452 572 45 3 49
79733942097: 281 335 3 1 1 14 66 766 378 6 8 4 689 722 51 79 8 288 1
152232992735: 83 84 76 799 119 5 5 90 13 8 5 6 5 158 27 1 35
96036898549: 5 55 116 1 2 588 4 16 783 9 593 52 5 4
830331174096: 6 2 1 1 976 1 622 1 9 937 742 548 4 9 82
97356718874: 2 9 3 64 393 3 1 6 128 1 1 6 80 17 777
87569742110: 671 7 49 940 86 1 2 4 7 946 5 298
3692369251: 7 9 79 1 51 293 51
792109240560: 818 67 1 709 2 27 755
497795348210: 382 658 11 8 3 1 1 14 5 6 11 1 1 7 442 1 98 99 185
270704209535: 46 3 686 1 665 956 1 44 9 1 939 309 8
1053108661830: 7 440 47 225 93 258 3 7 816 492 91 468 28 2
11202464705: 96 6 9 1 68 26 6 3 459 5 696 9
15218020860: 8 7 285 4 360 25 1 6 1 82 1 23 3 540 8 45 12 301 57 5
16549369860: 6 9 330 917 53 5 69
4064666004: 915 1 1 287 38 8 7 4 113 522 9 7 4
858485358669: 2 15 1 642 48 522 1 42 636 8 3 631 66 6 9
652138905600: 16 7 9 576 260 1 21 8 30
813332809616: 6 77 1 81 95 91 98 2 5 524 1 3 1 7 790 335 8 1 6 4 8
507764156196: 992 1 977 42 56 9 149 33 7 6 1 65 1
109506226585: 792 5 103 311 276 6 1 27 636 931 6 1 80 1 989
50321874390: 78 996 2 637 7 839 92 545 90
137585296890: 9 76 9 78 77 1 312 724 7 36 54 4 235 1 1 1 2 345
1234472802: 55 75 97 1 64 89 5 6 514 30
122982631827: 3 369 533 8 13 7 7 5 95 777 852 3
2329747139: 7 8 8 1 297 49 98 138 1
779730033990: 393 8 198 64 53 472 18 645 768 4 78 4 66
17670444528: 6 15 33 5 10 752 9 53 561 240 8 6 3 66 3 976 1 48
24732045400: 898 658 1 872 1 6 497 53 6 8 8 192
22500458255: 21 1 50 2 6 6 8 74 294 887 24 238 5 5
28829730247: 32 1 899 28 32 87 1 6 60 1 778 16 247 1 1 1
703754646800: 56 7 7 3 4 17 44 70 9 85 80
117864189278: 19 8 36 7 1 1 1 1 740 19 673 1 34 75 9 74 1 9 5 275 3 1
9885948677: 730 48 1 5 70 9 130 31 1 7 1
70130953290: 9 730 48 4 152 929 75 90
48730218525: 42 3 14 104 1 34 5 56 494 16 701 443 6 1 8 9 1
875750124339: 595 940 9 366 1 1 7 389 3 775 93 81 1 9
140967988904: 427 18 6 411 85 4 6 12 883 8 223 1
862747333048: 57 9 1 139 796 26 8 3 8 4 173 1 260 568
55543187280: 465 3 4 963 821 1 94 75 394 3 395 203
561637680992: 3 3 85 2 1 128 1 95 10 67 16 59 1 1 59 904 5 12 6 35 1 9 2 33
1012504056437: 7 258 1 70 14 64 64 92 8 1 7 8 437
79858259768: 52 26 598 91 63 77 92 1 936 2 50 9 7 68
81304389395: 81 300 4 31 2 87 1 41 254
682798931362: 78 36 677 217 5 6 1 1 1 2 2 5 1 19 3 57 260 1 2 5 88 242 680
411448296288: 6 62 7 3 2 918 2 89 6 849 13 63 78 1 444 1
47018201434: 4 7 459 17 31 9 1 799 5 971 25 1 80 734 698 2
56946847217: 12 2 7 394 72 569 7 6 83 66 349 1 30 1 7 56 4 4 6 47
730614174882: 61 1 72 221 64 255 57 6 1 1 11 5 26 1 674 1 74 8 2
89056794427: 15 1 1 776 54 7 10 56 2 23 2 56 7
384565132447: 29 823 9 410 16 4 2 305 62 4 1 973 88 723 1 8 120 1 1 459 6 844 340 668 1 459
761256140268: 943 80 776 9 1 8 1 1 8 1 601 801 63 3 2
56145710643: 54 296 1 244 4 644 893 7 6 630 7 5 3 233 99 643
41764875769: 95 84 34 6 84 1 3 1 91 636 869 71 8 75 3 3 343 7 19 1 1 5
174103117137: 68 619 9 97 1 891 5 1 27 818 1 395 6 1 90 7 472 3
280882967416: 5 5 5 450 22 364 461 50 66 1 409 5 937 1 41
3089613618: 8 476 4 397 64 1 22 79 8 1 1 4 6
51831198216: 50 117 1 482 652 3 9 24 3 66 2 836 3 6 1 5 84 81
141406748964: 11 209 7 61 977 1 45 9 1 6 55 11 78 2 9 7 1 768 3 79 871 6
33265547057: 7 7 52 3 1 61 38 1 37 4 482 1 865
146667754050: 330 30 3 51 45 4 334 6 527 1 4 1 2 1 485 82 9 56 177
64477197616: 748 1 7 348 1 57 86
2701355994: 44 7 1 83 79 1 721 452 255 6 18 5 952 42
27898256521: 73 3 282 4 6 91 1 5 1 73 61 9 44 17
207294257292: 900 243 6 226 8 389 711 699
734841503380: 57 13 2 653 831 150 29 94 386
38889096263: 29 7 158 9 7 454 1 93 42 3 6 1 2 6 3
1060877178053: 26 70 4 908 88 8 3 1 29 1 251
46497369606: 10 83 733 288 2 54 302 1 1 6
753671983219: 4 6 616 96 9 307 542 59 118 8 1 32 19
50471402028: 995 28 9 2 1 855 41 706 3
2164598409: 988 6 18 147 1 69 76 1 76 1 379 2 5
8482895942: 83 1 1 8 14 3 1 7 3 955 48 391 3
841383214072: 651 5 545 845 7 562 741 1 912 1 8 3 7 611
149305606487: 5 1 18 490 978 1 24 6 63 12 606 487
294793871940: 37 7 5 411 642 303 1 24 6 4 5 8 8 632 29 720 744 388 51 2 1 3 36 124
221172189355: 299 576 7 1 6 1 52 2 93 32 805 8 6 482 817 909 522 7 5
164112203846: 24 9 34 5 37 922 45 1 1 5 9 653 1 9 504 88 6 674 6
8058191171: 61 7 4 17 1 1 841 131 60 1 171 1
12535131966: 6 69 853 85 8 1 1 2 88 4 7 643
34062242180: 3 6 64 1 30 51 29 181 2 518 1 567 731 777 1 77 7 2 4 47 32 442 6 8 96 1 4
580607866067: 5 80 61 786 606 7 1
28238457805: 351 8 8 7 142 443 84 870 58 7 9 1 58 8 39 5 960
126199218940: 7 66 2 2 7 35 560 784 185 6 2 1 59 68 7 665
986799563946: 707 209 5 7 7 3 48 79 84 11 63 940 6
275468478748: 275 46 1 84 787 49
32960187662: 3 650 1 4 29 803 336 485 76 1 134 65 5 7
96118229790: 84 42 4 738 9 9 5 155 22 8 9 39 3 58 790
955716608099: 4 80 310 7 85 737 22 47 38 14 1
636777989122: 8 55 67 67 4 17 7 2 1 2 1 480 189 6 4 2 81 631 2 1
49418026230: 7 52 434 957 540 1 5 830 65 1 53 545 4 200 1 6
332240106036: 207 65 1 80 5 2 1 603 1 6
23536447271: 767 1 4 1 32 19 349 5 54 549 950 87 1 52 7
413937121532: 311 10 51 1 38 8 41 370 87 28 6 509 4 14 5
132308206740: 66 154 2 1 20 1 6 304 434 1 2
659871918900: 270 435 439 474 1 27
1189312561: 7 1 905 6 272 308 53 402 8 3
84246863335: 4 925 1 1 25 238 78 9 872 22 24 679
3858924797: 7 551 1 3 9 25 57 66 5 4 797
597406310962: 295 81 67 3 3 1 5 860 6 10 9 24 4 2 691 6 4
716942468016: 44 20 9 93 98 8 573 1 304 701 53 23 5 2 76 1 140
765295290176: 2 12 66 1 4 2 7 29 3 2 85 600 5 11 8 1 7 98 29 5 3 15 1
41239459994: 4 123 1 945 1000 1 4
55535799209: 7 43 4 861 2 1 82 1 5 4 4 2 11 209
8275091279: 367 86 1 3 29 9 5 16 91 19 4 779 3 61 9 5
10551998087: 311 1 5 354 275 268 75 587
6687140684: 7 285 93 29 7 6 1 874 935 440 4
247370773932: 2 61 3 7 116 265 7 20 81 16 625 502 153
47460071906: 561 74 342 32 747 602
786764768625: 48 39 623 76 76 4 76 858 2 7 18
973827171951: 973 251 324 1 2 7 5 708 12 836 245 619 7 71 1 349 4 598
651201804307: 8 301 4 292 4 653 848 6 8 189 8 19
325308547944: 689 4 7 4 1 794 8 12 1 7 6 11 443
385835425553: 401 91 19 96 980 573 1
3871740671: 398 594 827 51 64 5 79 9 7 96
13029687000: 81 73 78 1 1 1 3 6 424 750 38 99
887201431622: 7 536 696 638 83 5 892 281 4 770 526 2 268 130 613 7 6 646 1
954295967959: 82 2 1 1 132 25 5 5 593 87 287 959
605498299142: 604 777 96 1 6 1 608 8 94 99 1 907 9 1 225
4407423944: 529 1 5 535 61 241 64 3 517
69526535201: 840 6 42 7 387 295 1 469 5 4 657
702258837383: 5 26 48 623 258 626 211 369 7 5 2
38199143319: 161 9 7 3 25 875 52 715 37 45 78 131 317 2 61 8
21040008736: 612 97 277 1 778 632 1 74 1 53 5 537 221 692 58 1 2 8
12202405744: 51 20 1 77 43 17 774 744
446480811853: 820 56 47 81 89 4 9 83 81 811 853
244344077716: 6 96 72 1 10 236 726 9 8 1 49 84 59 959 86 86
28895712032: 894 6 57 80 273 47 1 87 85 1 7 985 2 585 5 8 7 1 16 1 8
155784822573: 67 1 902 2 602 578 4 2 990 3 51 1 4 84 689
514852871481: 11 70 2 444 657 19 725 930 829 38 28 9 6 8 1
65673772640: 122 54 6 900 78 32 1 774 520 24 5 407 7 746 7 1 508
38032301349: 9 1 442 48 10 8 239 2 133 9 977
23636225997: 230 2 4 3 609 22 401 190 7 9 9
200581617600: 4 6 25 2 7 394 39 2 1 1 37 1 21
1093611395136: 73 5 674 1 1 13 416 822
666275494976: 661 4 1 388 4 883 494 976
967896430384: 30 6 173 65 6 293 42 643 858 8 611
24449965403: 320 80 2 81 36 531 19 1 18 4 4 3 71 97
78559969591: 675 2 4 333 757 81 1 918 695 24 1 4 30 33
14242585960: 56 843 1 267 3 80 1 5 960
140647021315: 2 21 556 7 8 4 40 269 663 524 9 48 4 448 3
548708424688: 98 16 2 1 1 58 512 1 81 4 5 22 429 966 4 38 912 8 415 1 6 15 7 8 234 1 694
28145186641: 24 1 3 1 67 405 573 18 48 2 9 1 148 1 70
41862953919: 6 47 647 11 5 9 1 81 3 811 45 1 63
85285695885: 672 6 1 1 317 37 78 73 4 1 5 34 442
261764860500: 88 14 1 4 97 7 930 30 65 26 143
110450390016: 46 1 63 907 424 8 74 37 3 896 3 1 6 380
36732940363: 8 84 898 8 517 15 83 8 1 1 945 460 17 68 6 1 87 4 87 2 623
349057888431: 325 7 373 280 2 562 1 1 92 2 6 5 1 4 56 544 57 3 1
651771539272: 76 679 85 351 41 4 3 2
394483402474: 936 1 1 8 157 41 46 8 1 69 996 2 650 479 588 407 1 76 2 2 1 7
19576229701: 214 6 1 5 21 1 276 1 6 2 95 357 74 9 805 39 16
23087121876: 94 3 798 468 1 3 915 9 9 4 9
426051321852: 8 51 1 5 507 37 140 435 9 821 3 19 9
94575953460: 2 70 5 7 863 8 8 1 348 8 39 9 6 46 6 1 2
4428654387: 3 7 52 23 431 27 436 10 8 9 9 237 1 98 859
13313848911: 2 6 6 839 1 6 284 54 7 5 219 7 405 6
27955059368: 477 95 2 143 3 202 1 719
306901819215: 30 370 245 75 18 1 86 29 584 2
52677742710: 9 3 8 8 82 7 8 656 937 379 87 2 9 5
67012525034: 552 76 62 6 82 1 9 5 115 1 81 551 93 125 13 1 1
124016622352: 20 7 1 602 2 2 1 226 1 395 2 67 85
72245809131: 5 614 7 2 972 50 7 608 465 5 5 42 789
4950475449: 400 8 548 98 637 197 69
100013887466: 649 56 840 430 309 9 13 695 36
373161000278: 6 20 58 52 79 3 83 67 60 1 2 78
239545414920: 974 9 817 6 5 405 1 33 93 85 7
16302089242: 8 3 3 129 5 3 667 8 3 223 1 503 39 40 59 2 299 4 14 963 693 963 933 9 68 1 2
85648223025: 8 565 822 302 5 1
126854060207: 10 538 220 17 7 835 16 1 45 3 1 7 20 7
592388528657: 4 502 7 31 39 290 3 9 68 1 6 6 1 4 89 1
72055967186: 820 1 56 8 157 70 1 464 466 11 18 66 710 1 322 1 717 1 6 181
1095462791028: 9 1 28 94 25 92 1 359 237 8 6 873 168 1 1 62 1 558 9
567228898248: 63 1 9 228 897 70 9 42 6 32
13301228497: 3 9 469 75 72 685 1 784 500 89 8
3820879920: 528 65 319 349
18465505825: 800 1 2 22 947 325 30 993 649 85 13
98534347894: 9 5 33 320 1 422 1 3 96 600 562 4 1 8 746
98266442786: 8 77 12 4 1 69 20 66 387 8 47 408 378
2468304197: 10 93 847 85 29 75 7 8 83 29 3 78 681 38
63151055660: 3 35 984 71 961 454 547 4 5 181
137553612739: 6 1 8 454 1 906 5 36 127 19 10 10
3470305280: 5 52 78 67 48 7 6 4 1 4 416
784137804381: 78 413 1 1 604 164 1 1 123 38 1
10965838271: 79 1 5 420 91 3 306 1 3 36 37 71
188165140800: 6 258 2 57 21 33 1 6 43 1 86 31 1 965 8 6 70
204508002731: 3 3 72 57 98 1 1 671 9 9 87 5 1 208 1 750 35 2 9
559811144636: 86 587 5 9 1 71 21 3 7 83 4 912 8 2 378 9 69
20070642920: 6 1 6 902 3 419 81 444 495
715239967866: 39 91 55 1 51 1 96 90 94 302 78 66
538680703789: 505 4 376 228 10 57 70 976 992 13 1
557498748114: 2 221 1 321 35 9 1 1 1 29 2 63 99 1 1
16441298116: 84 39 8 5 402 125 4 7 61 32 18 6
184955340695: 444 9 6 3 1 388 4 1 157 444 8 14 761 9 6 4 7 873 2 1 449
206506009951: 3 3 1 453 32 7 1 7 4 6 75 42 92 172 38 1 6 1 914 1 1
38878308878: 72 367 67 36 3 464 25 305 53 1
60582923585: 9 7 1 376 74 132 984 4 903 32 528 4 16 8 29
11660502330: 4 1 116 1 684 4 4 30 235 6 39 907 1
451439401467: 62 29 250 2 955 984 401 459 1 8
496779722853: 7 10 82 7 646 17 1 1 9 86 42 542 99 8 80 7 95 69 69 79 399 24 8 5
593466774435: 46 50 95 68 3 891 61 65 65 1 11 1 7 99 4 435
108072225220: 624 1 91 2 41 10 8 911 5 4 64 502 64 370 99 6 524
584049796524: 588 96 1 60 5 44 5 601 9 1 2 124 522
309847077371: 9 45 88 8 1 22 73 9 507 3 28 524 379 1 39 65 71
1059727799198: 91 1 6 1 5 3 6 530 1 2 33 294 990 32 33 2
39252923290: 8 83 2 5 28 474 605 93 607 1 77 36
82452781713: 2 234 76 9 3 28 13 886 5 370 96 4 9 190 3
49009305366: 2 2 3 40 466 7 646 688 570 9 94
52231519000: 65 302 106 9 9 22 4 40 384 1 8 943 433 8 6 890 2
33469211335: 4 233 24 6 37 148 81 24 520 30 1 7 2 323 82 3 94 76 94 2 66 32 63
24110150251: 799 8 363 289 9 73 897 4 3
28625292870: 3 63 834 6 88 92 28 918 1 370 667 1 841 615 576 1 6
12962657760: 16 20 3 1 30 75 50 211 1 95 40 34 93 8 1 89 340
4732676685: 8 3 513 3 384 666 1 92 45
370748219294: 6 46 318 748 2 192 94 1
12055686915: 7 86 93 7 4 2 22 328 82 95 1 1 2 478 1 5 9 614 84 65
119126830792: 5 465 90 9 47 60 600 589 8 1 63 47 502 1 2 40
128513471941: 410 666 1 15 725 8 53 3 2 1 8 8 51 48 41 9 2 998
113759886240: 8 99 6 749 4 28 6 2 7 555 9 78
28834061938: 2 92 2 1 31 1 8 1 50 1 6 99 5 98 61 92 781 4 1 1 1 1
16901666527: 28 8 6 2 47 2 1 2 9 4 84 89 49 4 951 1 7
172461365820: 384 499 7 73 980 10
3049240884: 30 492 39 301 562 4 60 957
15135176978: 22 62 168 7 9 78
2725505313: 870 5 1 4 1 18 7 23 3 474 84 9 3 813 1 1
30892385976: 38 210 407 9 1 6 43 79 75 45 49 81
101532350285: 9 990 7 52 108 91 1 5 95 580 1 1 272 1 70 8 285
428801278733: 4 9 99 526 782 9 90 24 9 96 9 9 80 90
1052375576050: 150 33 32 7 426 5 31 44 658 211 181
299503718497: 3 8 9 35 9 1 6 4 879 5 320 485 529 3 97
1402584353: 6 5 1 1 239 86 374 1 47 5 991 15 979 2 1 5 5 2 61 2 10 1 203
9807146439: 7 667 1 990 3 25 56 705 7 24 21 453 1 2 643
186852513277: 6 23 67 481 691 921 2 16 54 11 2 625
586878564816: 5 82 4 8 1 686 1 1 5 67 923 3 931 1 885
760925254831: 3 801 1 9 2 412 74 267 689 4 2 8 1 677
3149074780: 8 664 781 4 86 884 8 2 6 18 71
35465747184: 71 517 343 261 42 2 944 1 12
17770263060: 12 12 652 4 208 876 66 48 22 49 44 6 396
472570339614: 25 10 222 15 6 3 6 643 4 18 73 6
155318057946: 741 4 7 8 26 5 86 57 91 1 13 6 145 29 991 6
111057867515: 255 3 81 43 362 1 9 471 798 355 59 4 1 4 5 1 15
301689291264: 72 519 3 2 61 618 1 6 75 919 6 82 2 8 1
52549557695: 5 22 9 9 815 8 19 8 43 609 47
9220150300: 53 8 4 7 66 17 84 24 477 22 716 86
63982660398: 606 46 40 859 86 74 3 1 8 476 40 570 7 6 1 1
296216349890: 2 777 7 251 38 44 90 23 449 1 2
43339966849: 43 339 9 66 832 4 1 13
809246401286: 4 9 9 2 972 47 43 57 795 9 3 1 59 3 409 1 190 10 1 9 767
402340468928: 88 314 326 9 5 1 46 1 875 4 63 2 9 8 92
333196834696: 82 82 4 399 76 20 7 8 8 28 4 188
494786861243: 4 88 93 5 305 785 975 468 1 73 345 243
464340734330: 3 41 8 80 8 670 1 1 85 4 15 249 5 787 3 182 97 9 110
21959685290: 7 1 1 1 164 3 1 232 808 1 4 9 685 222 35 4 30
225778224000: 6 61 115 531 269 842 14 75
95382575203: 803 146 2 2 7 19 1 2 575 194 9
2737073151: 74 28 1 5 98 1 77 1 3 943 124 877 1
9723643728: 5 7 2 17 1 247 95 1 163 716
30296896320: 7 81 24 78 9 8 61 21 90 41 62 4 48
885757550843: 7 72 9 3 1 1 969 38 7 1 23 52 562 5 9 50 762 81
7023075066: 692 1 90 58 798 84 69 3 14 9 283 6
20407571553: 66 5 4 39 353 21 87 1 4 9 66 57 633
3094210946: 609 1 78 1 6 5 87 84 1 535 8 1 9 571 942
7999724027: 9 10 2 1 5 8 739 81 70 1 3 62 193 874 2 4 660 5 1 411 1 6
299577483399: 819 3 675 8 8 7 16 2 1 1 1 511 1 99 1
396841057915: 8 1 971 7 43 63 9 231 69 4 854 39 5 9 69 617
553273400988: 9 40 6 33 7 339 1 1 8 39 174 2 856 1
22676074105: 719 412 2 5 271 335 7 7 10 5
517579372812: 47 1 46 864 428 1 35 1 5 86 5 7
27324540681: 284 13 92 5 37 1 9 6 142 1 23 9 4 5 54
189498641918: 9 9 84 4 7 1 95 3 1 836 4 277 876 42
231957827266: 77 956 21 1 3 216 320 84 8 663 92 22
3019308768: 56 68 152 62 7 99 112 18
59526054547: 209 385 1 644 1 1 6 600 9 787 755 11 291 44 1
15388834328: 6 44 894 1 879 5 432 8
1822862459: 2 838 61 2 111 99 305 3 5 8 2 3 431
13580383320: 7 6 50 31 1 16 55 21 84 630
377930921793: 197 45 8 74 9 374 3 53 57 1
33088564237: 8 4 306 9 2 234 19 12 1 7 2 1 966 85
163762574976: 128 3 91 957 60 83
23472396915: 3 1 327 18 6 20 4 572 4 1 19 10 189 44 6 831 1 55 2
609137097660: 11 357 793 3 94 763
6424806343: 9 1 706 35 73 98 343
783186397166: 777 2 7 458 6 404 66 460 22 882 7 7 546 4
1011360674540: 9 1 34 152 1 7 9 2 49 84 2 28 4 1 26 5 1 51 1 6 1 18 832 99 61
1198856981: 5 1 2 153 76 81 1 6 875 856 981
8974566481: 17 5 58 96 12 8 781 4 1 63 205 42 31 7 84 3 83
42681910584: 3 30 1 866 336 634 530 1 8 7 1 1 7 129 18 99
730669144174: 42 98 700 74 654 425 126 6 549 82 3 3 4 5 9 19 188 38
579747868414: 75 28 200 1 249 76 48 8 887 1 410 4
3496517377: 9 35 2 5 1 31 4 3 33 89 287 437 1 850 6 5 997 1
2869866719: 4 8 66 9 997 210 6 216 487 2 9 5
583982493604: 43 3 8 888 219 33 5 39 80 1 15 121 4
562192028990: 2 179 6 2 33 1 10 5 55 86 960 1
16500360704: 8 43 6 4 5 204 205 1 1 2 391 4
751799864302: 8 43 1 4 37 995 5 293 17 3 394
1069921610294: 4 6 698 732 1 421 63 102 94
692266032948: 195 2 11 21 95 6 2 7 2 10 18 251 8 927 1 1 18 3
96784048228: 814 785 1 200 4 4 2 27 701 940
100398642975: 2 4 55 8 105 1 962 2 82 759 31 42 9 1 462
35178039368: 66 9 1 47 6 76 82 794 1 54 9 998
169537331595: 24 52 849 60 3 77 515 904 4 1 6
976281575838: 523 1 4 1 447 1 1 496 785 575 74 9 9 9
205255812192: 397 2 26 41 53 64 5 32 826 2 1 16
7576509791: 52 9 606 534 8 38 83 602 1 4 49 1 644 2 17 55 564 2
28077026484: 8 885 254 4 6 1 1 3 9 437 4 9 7 8 735 4 741
58488911883: 45 5 171 752 842 194 75 23 853 503 5 6 280 40 3 4 219
38965991305: 18 9 111 309 1 88 7 2 88 1 59 94 1
418634028806: 411 7 63 172 28 202 830 1 2 7 59 1 427
41954606133: 41 124 1 830 59 7 7 932 17 17 548 619
240877602733: 37 59 764 4 4 6 7 1 36 79 2 689 119 70 673 55 5 1 1
273265535651: 86 6 593 688 638 9 889 542 1 12 9 3 94 5 277 5 85 1 2 1 1 10 1 970
4128692911: 58 9 813 22 4 49 8
235475678859: 9 9 91 46 5 54 99 646 7 56 284 503 96 163
95977102224: 99 967 870 77 1 78 8 152 779 1 7 6 6 4
71877958706: 417 324 97 1 958 618 88
872291348838: 4 629 2 1 81 746 18 1 273 7 3
1007333706040: 59 33 24 5 8 457 99 89 31 684 2 8 552 23 919 2 7 39
968206256544: 53 750 8 368 9 91 42 4 23 178 6 58 1 91 967 3 6 1 792 1 4 1
340645129139: 534 2 2 932 1 4 8 933 438 724 4 862 41 97 4
10189522601: 24 9 659 31 74 5 54 1 522 601 1
152728849775: 220 24 550 4 4 97 5 306 403 3 13 31
7927241944: 409 4 79 2 62 197 98 42 81 26 9 112 8 19 1 234
325955205085: 284 41 95 520 50 76 9
508438450240: 348 69 7 16 252 1 15 90 770 4 8
51059559845: 515 450 6 27 294 4 68 5 5
4802617908: 9 87 12 42 7 1 3 817 3 1 40 56 6 759 4 5 6 8 18 1 4 73 6
397120875890: 544 730 87 5 890 1 1
98722074290: 6 77 2 9 8 402 287 1 3 3 161 31 1 886 1 1 73 47 8 448 5 47 55 790
294158451360: 5 85 36 37 6 634 504 8 60
31921541798: 9 309 6 18 402 195 4 1 62 10 4 165
783949516938: 783 9 4 9 4 5 5 7 605 7 38
279937789936: 683 1 8 902 82 1 1 683 95 63 208 7 381 8 45 2 877 1 435 45 28 1 74 928 413
156146021910: 5 6 4 55 6 459 9 3 1 910
25645183662: 170 46 9 956 2 71 9 2 43 8 3 58
925093217223: 18 1 5 4 8 4 497 754 556 6 1 856 47 1
1088376570216: 62 33 3 1 47 7 60 55 993 28 6 663 840 8 3 57 351 3
96158112903: 94 1 1 59 6 1 49 3 4 6 5 507 1 339 2 24 33 467 2 120 3 3 8 662 1
12473848563: 10 51 113 6 924 153 9 66 2 2 1 94 9
31508135644: 9 380 6 58 8 5 94 334 2 6 334 1 310
455026977448: 302 1 2 88 1 64 2 981 9 879 4 868 2 73 580 52 6 686 5 9 7 1
47354254685: 47 348 40 1 586 46 85
323960318976: 898 337 6 36 80 2 826 2 3
204929077836: 31 48 39 140 1 1 739 7 681
1149361500: 832 240 70 411 14
294854245377: 39 59 28 4 748 193 87 48 65 66 3
734414739840: 227 5 9 1 191 268 38 770 1 67 1 1 4 4 9 81 75 69 38
996776971705: 4 134 5 8 7 82 59 299 464 36 3 1 4 379
8648297280: 4 68 442 68 91 1 408 85 5 1 4 1 5 83 7
461581991279: 8 51 398 4 53 3 2 1 674 1 303 10 4 1 1 10 79
486891497580: 13 1 182 62 6 1 7 1 17 1 52 2 14 19 3 1 2 237 8 62 4 1 441 4
474506413313: 460 8 38 605 7 2 1 4 413 126 187
1274681630: 249 470 555 569 9 1 4 1 42 990 30
422819109420: 758 6 47 44 1 432 81 3 1 7 9 600 99 495 15 1 1
238339330535: 4 237 96 714 11 56 137 4 6 536 64 67 2 2 1 26 3 233
408658979920: 46 572 9 749 1 8 85 9 9 555 32 74 8
50778178888: 766 3 867 5 1 93 2 164
902345991700: 902 34 6 990 658 8 552 482
1064459281192: 13 6 92 2 831 5 82 2 1 8 64 38 1 294 573 7 14 7 1 32 65 8 5 1 4 215
291537635724: 291 1 54 6 259 617 759 724
1023614479294: 69 528 1 32 44 71 5 6 1 534 542 615 47 1 2 633 22 907
4632744169: 78 40 279 85 24 1 670 9 5 61 7 1 3 57 28
51994076763: 4 4 1 7 133 4 7 667 1 5 140 83 499 4 98 570 139 1 3
167467677103: 5 412 1 559 2 90 1 8 42 33 7 105 4 7 5 55 3 58 798 50 4 710 3
257446342774: 3 217 755 321 5 8 6 1 7 91 20 98 729 41 4
26055832159: 2 9 84 348 8 5 44 60 1 99
829425097187: 82 859 83 50 96 944 234 6 3
52885930699: 528 8 58 47 83 6 1 99
175339396589: 5 1 170 330 1 9 365 31 1 5 89 1
681178823768: 12 77 579 9 69 348 88 230 1 7 68
933771145946: 8 182 189 82 27 475 2 4 93 5 85 7 47 739
13746993194: 6 7 654 76 1 78 813 808 2 458 736
76366355728: 8 406 7 1 313 8 7 1 342 511 3 542 44
371378520095: 60 85 538 571 1 206 508 2 1 65 8 35 61 8 1 67
207788536223: 21 7 7 884 98 23 14 254 901 68
129834769814: 402 33 852 6 8 578 51 537 614 61 8 3 83 81 4
4186304813: 38 3 85 467 1 2 7 28 769 31 813
120412275102: 120 412 1 275 102
591123498121: 973 7 3 926 81 91 1 420 7 60 8 285 9
12523333239: 17 325 64 8 28 36 3 21 8 459 1 179 6 1 273
4624287893: 7 51 8 97 428 1 215 7 567 3
3282362350: 5 8 397 8 6 3 91 1 499 4 7 33 600 996 6 51 469
13976105200: 83 779 47 46 7 1 1 62 72 9 73 430
146155626600: 9 991 1 79 9 19 2 824 126 38 3 1 1 12 60 1 826 34 75 2
711912820518: 76 6 416 777 24 98 38 7 230 33 3 211 7 984 1 202 22
32543824566: 7 34 99 94 5 21 1 5 66 861 5 292 1 674 5 102 5 1 6 143 16 382 1 52 18 42 98 754 29 209
105340042927: 3 72 257 33 5 194 4 258 568 354 37 1 7
357562126986: 357 562 12 6 987
8096466552: 50 6 3 6 5 64 1 5 18 831 56 4 88
30091596961: 695 1 89 7 15 623 1 35 3 58 21 23 84 920 782 559 44 23 33
10847051224: 919 7 154 4 703 65 1 7 7 94 1 39 2 4
313759623106: 2 757 8 684 687 999 59 1 5 223 9 42 8 1 283 95 1 1 10
27226379040: 25 984 964 9 9 116 2 1 3 88 2 1 205 4 8 1 7
181475140381: 4 744 32 22 1 36 77 15 3 73 8 73 3 1 51 45 556
271579449960: 858 61 65 887 4 4 7 375 1 947 632 85 90
433410872216: 432 822 6 581 90 91 2 8 27 2 70 16
364000173528: 85 50 130 1 196 76 4 977 312 41 436 58 34
336801345250: 67 2 492 304 806 1 68 90 9 6 50
71099398761: 252 88 60 2 963 420 463 62 47 77 6
48017650340: 9 8 796 6 1 607 1 9 5 5 43 1 75 6 513 86 7 2 1 1 713
80794470424: 6 9 8 927 87 4 103 4 22 8 1 1 343 4 69 96 4
30803450634: 6 515 157 29 1 55 3 6 5 21 1 855 7 14 45 5 6 1 34
10231232846: 252 1 8 22 4 60 2 1 47 162 4 8 46
394915623563: 366 3 66 917 249 4 994 77 2 4
1356070128: 49 2 3 98 1 1 53 56 7 6 1 75 1 1 6 2
5213486617: 51 6 207 2 6 9 36 91 958 1 6 1 761 1 21 1 1 9 223
97166672603: 9 553 877 63 667 642 395 14 69
551645220209: 7 150 544 1 1 67 8 1 2 1 35 110 93 6
554881304036: 5 5 488 1 30 2 1 997 39
36413315993: 43 3 57 8 1 618 9 4 40 8 4 28 2 793 899 82 1 1 16 6
415236504968: 657 4 6 84 8 969 663 20 448 5 68 72 1 8
6424104861: 735 67 1 8 8 1 105 86 1
429410682350: 76 646 367 7 662 4 92 8 980 1 73 9 121 1 4
14185745965: 75 771 8 9 48 3 8 245 960 5
351575280904: 9 77 279 133 1 23 266 3 9 4 6 34 914 9 5 6 3 1 1
16521227232: 13 3 521 3 269 1 1 25 269 35 3
63085257337: 62 5 4 85 3 1 999 57 337
562744630135: 3 3 59 68 13 24 6 723 1 5 46 5 330 1 4 6 2 628 8 1 7
839465054116: 7 4 3 688 2 292 67 51 55 8 9 46 4 7 73 77
9153527173: 38 2 8 805 2 2 46 54 77 216 419 5 1 8 295 37 663 70 78 30 94 2
382312966073: 9 557 56 2 5 640 1 84 11 1 3 1 467 87 18 776 22
404162236107: 8 909 84 989 55 176 669
213812816395: 69 1 43 9 3 512 459 48 293 7 34 1 85 16 516 7 886
38525435899: 85 53 1 7 45 44 5 19 3 99
283331804678: 389 2 875 5 293 6 1 71 6 7 59 1 553 5 2 222 390 1 1 509 1 31 982 98 6
13390059321: 474 79 7 962 1 732 5 719 91
6975924762: 971 1 718 9 405 1 37 35 995 33 1
175045288326: 6 1 9 6 4 2 794 7 1 75 1 302 6 42 8 6
12113587100: 649 634 40 10 2 9 4 68 1 1 8 4 23
145484813902: 9 13 24 37 7 2 35 1 7 49 25 205 64 651 30 626 9 1 1 741
280701036672: 221 42 97 30 63 699 87 7 64
223820120367: 454 36 9 71 94 56 166 274 7 70 1 696
874676507124: 2 10 4 9 5 349 21 8 67 30 2 7 1
176029522614: 191 1 3 560 9 2 938 9 780 774 50 255 9 47 8
218911559125: 731 85 411 159 60 35 6 519
757576809964: 765 170 8 49 2 1 1 99 1 9 6 4
22591498977: 551 42 430 68 915 55 2 5
178892132625: 9 841 94 89 1 2 407 70 8 81 6 582 3
17430052720: 888 43 72 56 678 5 5 543 3 97 4
4598988435: 647 744 1 83 2 71
144182343277: 3 3 4 6 8 83 239 8 5 39 5 1 5 26 77 99 5 855 1 4 8 1 1 7
15132607132: 624 95 97 1 678 9 9 4 59 50 743 8 1 1 7 1 33
209830909320: 4 350 29 15 9 447 543 2 263 6 796 1 9 355
320490174705: 29 1 96 1 1 17 51 59 4 95 13 2 7 39 87 1 8 5 870 81 825 64 5 1
271778887436: 2 6 58 1 5 19 34 1 62 3 1 22 2 784 6 4 20 309 303 743 143
13223564999: 4 9 223 5 591 6 44 65 834
499210235129: 8 624 1 11 235 120 9
148632752496: 6 75 2 1 8 2 5 843 1 51 63 6 2 38 1 1 3 4 280 667 8 741 7 57 33 1 13 768 35 913 1 68 4 1
35688159513: 984 33 193 35 6 9 2 282 6 654 717 7 71
216977052240: 80 9 794 6 1 28 726 573 1 3 7 1 396 146 7 25 451 39 138 552
446233995624: 8 783 8 6 8 861 7 91 8 416 8 59 86 1 9 1 3 1 8 5 44
713962010307: 8 8 500 549 61 38 10 1 1 67 4 90 1 80 97 7 7 16
18218525429: 36 509 2 294 777 499
103844692315: 852 559 3 14 51 252 87 29 70 87 5 944 1 1 609
39284858655: 8 607 81 868 1 77 2 16 93 945
38019703104: 237 8 89 3 540 11 9 54 716 6 4
898948712991: 46 852 566 382 705 5 1 74 91 1
829380733154: 8 11 12 1 8 37 1 1 70 639 435 65 1 92 570 8 788 937 8 15 4
34192285182: 984 497 908 57 7 42 33 11 1
30238304928: 201 410 21 2 7 871 9 1 156
12292680962: 656 53 23 7 1 1 63 680 1 7 1 8 2
974224349280: 54 23 1 58 1 874 75 36 310 91 70 9 1 6 130 84
434310960160: 2 69 885 2 74 4 99 518 7 77 4 1 46 5 2 88 6 3 1 77 2 1
77308624116: 7 1 29 1 8 430 9 9 1 5 8 2 7 9 1 254 3 74 2 240
32976671551: 3 29 7 66 70 595 956
9117988992: 90 93 994 56 7 3 828
36995729400: 95 598 5 29 44 31 1 5 2 1 9 562 90
189760578966: 5 74 71 60 1 36 34 1 126
522578993844: 870 96 6 1 1 8 1 8 543 213 419 844
7402137628: 98 1 881 731 9 1 497 280 58 628
10679036564: 3 68 9 1 1 44 4 1 1 1 161 380 525 5 753 930 4 65 6 6 75 6 326
118179287040: 44 1 7 8 571 23 272 52 94 74 67 5 26 1 19 1 71 95 210 505 1 85 96 1 1
95862429070: 2 493 7 62 36 683 9 459 95 100 70
5741431368: 607 513 878 4 191 7 5 3
372020732160: 59 50 4 84 4 679 4 935
199649733600: 293 64 71 497 25 1 5 6 84 80 658 2 715 240 92 6
373391840395: 3 779 8 5 9 8 812 802 97 539 4 755
135273350761: 8 7 151 1 187 757 83 84 478
101059137678: 87 92 177 5 77 9 7 1 564 33 130 518 10
332264243096: 8 2 4 623 1 3 66 38 4 58 2 2 3 1 1 1 491 982 8 4 194
670026200044: 367 1 7 1 11 276 4 18 784 97 767 9 94 3 4 147 1 3 84 7 800 1 1 597 680 1 1 33 1 7 152
963153997526: 71 1 71 42 33 200 17 4 8 1 5 8 8 27 469 30 58 15 14 1 66 4 6
65216136993: 60 4 2 4 5 8 919 136 9 93
77582164153: 775 762 59 64 15 3
128708616737: 36 1 773 1 70 19 1 5 1 7 1 1 737
848344387617: 80 137 52 40 1 987 32 1 1 39 2 205
538948157595: 538 9 1 4 8 1 575 95
31527963385: 3 5 136 66 1 7 7 6 98 32 2 8 1 8 5 22 54 624 42 12 7 23 84
54771757841: 8 19 31 7 1 99 83 550 19 1 17 924
33943605237: 6 46 9 871 3 6 1 63 61 20 6 8 1 22 23 1 531
280983230012: 70 2 457 1 590 4 1 960 980 12
1077504238932: 278 2 4 20 384 23 887 3 1 59
18638581824: 13 14 9 554 1 66 1 40 315 3 24
510503567779: 57 68 4 885 9 17 10 676 75 71 8 1
17980658502: 179 80 56 7 91 494 8
391541655397: 3 5 241 1 9 44 444 6 93 1 752 2 253 5 17 521 974 34
120865886272: 74 18 803 2 39 2 330 387 34 69 30 3 93 3 130 39 6 5 47 34
23602861940: 5 5 88 1 5 7 15 36 4 15 656 3 36 87 9 1 1 379 72 662
312718942690: 903 1 555 4 4 59 2 661 1 8
758393939910: 758 36 1 2 946 447 1 92 7 10
249457668400: 6 9 7 1 492 4 566 3 724 4 6 76 2 1 8 15 60 58 18 472 1 78 7 85 25 5 5 1
621521517700: 621 402 119 4 37 8 1 8 48 6 4 5 156 1 968 4 6
201705708718: 8 1 618 927 3 1 632 5 69 5 64 1 417 630 41 4 608 57 62 4 1
25956628272: 7 1 825 48 2 1 1 79 1 4 8 8 17 5 1 263 29 1 1 3 5 852 681 1 9 4 65 55 96 7 597
34651283386: 4 865 13 499 8 1 305 6 316 15
213317764817: 607 455 4 588 82 2 817
41138338978: 579 1 617 606 7 41 4 709 7 66
941053940177: 19 1 30 1 1 9 48 1 928 105 392 919 252 636 209 1 4 8 5
129809304584: 4 9 872 506 9 425 3 1 2 8 82 9 581 92 45 47
241999432920: 438 92 299 64 7 3 369 18 1 3 7 18 20 9 31
348672993283: 64 77 1 44 6 98 8 943 8 2 6 6 2 8 56 1 7 49 6 1
925400353188: 43 882 29 4 1 6 27 76 51 1 68 50 8
213346902210: 61 48 973 3 237 240 1 4 2 53 78
125313646554: 78 946 4 74 2 2 120 653 138 7 5 6 3 325 7 3 8 4 1 2
878286967954: 8 782 859 10 577 3 8 8 83 54
515771324384: 332 96 3 2 387 91 9 57 2 887 1 13 58 1 146 8 1
94107147515: 940 206 1 4 294 533 34 4 7 506 5 4
550861311631: 71 246 1 2 144 9 256 297 709 39 31
51793574011: 3 21 1 89 6 689 97 2 1 89 4 2 9 91 5 20 36
1221510399: 9 8 31 7 9 995 4 1 35 10 31 9 4 3
44000050791: 42 87 9 76 951 7 838 51 4 3
440963840933: 7 2 77 3 28 1 463 1 3 1 23 578 86 2 32 666 16 7 2 1 7 45 5 388 335 1 567 1 1 62 30 23
877584186275: 2 466 974 1 7 6 93 47 9 26 1 16 1 11 77 510 9 6 25 93
935673908800: 527 237 320 598 1 8 1 67 80 10
825769854378: 7 2 1 75 1 87 8 1 90 5 137 57 420 7 558
571695034819: 952 80 1 970 44 50 883 473 78 17 670 93 6 9 6 1 4
54620016213: 10 34 482 81 24 453 1 3 752 2 3 71
157872524625: 3 60 9 9 5 98 261 1 979 494 75
4523648976: 40 2 815 2 821 532 67 179 36 25 462
51842676357: 8 754 341 828 4 9 35 45 5 97 3 687
982231261332: 272 16 1 694 1 230 262 1 876 3 1 114 4 1 9 20 741 671
81673044643: 66 72 556 2 56 7 73 78 6 33 22 949
1017118527456: 929 8 517 46 23 500 3 1 3 74 96 919
1093109690148: 330 506 9 19 7 2 120 4 919 460 668 7 1 94
127588353660: 3 1 44 500 1 52 1 75 16 1 863 54 6
